1.311470455909707
1.1849495825466405
1.0948114181520692
1.0226094363070453
0.9555269950328227
0.8929765429962553
0.8150849438598833
0.7650779587699628
0.6500787946807127
0.6280091720161647
0.5929677937676496
0.5205179202178073
0.4905795162243843
0.44143599405398426
0.4219546169203218
0.3758907782818543
0.3120534055081179
0.3345210181346209
0.28766227937440253
0.22301667499433
0.24085023724018093
0.23927151408224973
0.1909999549024872
0.15881584748127078
0.12191231827110571