1.2980184608711474
1.1563149474803354
1.067038225995461
0.9852283477628517
0.9073088374819861
0.8369538667449857
0.7746545304986862
0.7139872116970499
0.6591575082113938
0.6121247209682509
0.5649343812274304
0.5182130793178813
0.4839862195448856
0.44563881396152494
0.41179209606614964
0.38150051273556407
0.35164588686770754
0.32537845494286866
0.30433443975732416
0.27884502822505924
0.2581506457212352
0.23863571978617681
0.2223989324386771
0.20615194835946518
0.18604401038371834