1.461503354929369
1.311687382081326
1.3782101136094576
1.2631306828700997
1.2241642804109572
1.1459167437755915
1.3327254075170607
1.0086633329879533
1.0882644417749698
0.879054985644654
1.1151007040974932
0.966228970059527
0.6023385363594915
0.3972376893701519
0.38939092954165017
0.9225408960773239
0.39768392978827943
0.6646338553085305
0.49625868817317126
0.42701560658326554
0.28089464540001235
0.1690954354195166
0.16694434678359235
0.3052714350566618
0.2577622041648132