T = 22, number of trajectories = 1, order = 1
status = Global optimum!
optimum = 2.834551414387702e-10
G = [9.999999873090161e-11, 9.999999873819837e-11, 9.999999873038844e-11, 9.999999874518604e-11]
Fdash = [3.084779471466339e-10, 3.084826436014845e-10]
ms = [1.0000000023645513e-10, 1.0000000023761835e-10, 4.9765600242309425e-12, 5.009157296842751e-12, -1.1152771666191192e-12, -1.1153036653546348e-12, 4.31615731219344e-12, 4.261358769441843e-12, 4.316146982375314e-12, 4.2613615328664755e-12, 4.09875787478114e-13, 4.0988106565363515e-13, -6.293858304317656e-12, -6.2939518671021855e-12, 2.359636102138446e-12, 2.3456302278668873e-12, 3.4155045595419427e-12, 3.4305304765021085e-12, -5.6521388932128926e-12, -5.655350588991744e-12, 4.0969636899008305e-13, 4.097016327502034e-13, 8.352403467899125e-13, 8.353674280201724e-13, -8.276122061112572e-13, -8.275392321801846e-13, -4.570260915514521e-13, -4.570400515218959e-13, -5.4563676828757845e-12, -5.456489761373508e-12, 2.3949900518104747e-12, 2.3809696456511104e-12, -9.260943102906618e-13, -9.189940883511073e-13, 6.185310438591437e-12, 6.236699465811326e-12, -2.8974866251004193e-12, -2.897566146865103e-12, -2.174701434156856e-12, -2.1747503737335037e-12, 3.0529484546879703e-12, 3.0530108109904788e-12, -4.2192396969549304e-13, -4.218910057183105e-13, -2.176789898280713e-12, -2.1770618928408143e-12]
fs = [0.0033037936351612016, -0.0007287780106827168, 0.0028179415948719334, 0.002817941594871932, 0.00029151120427305815, -0.004129741894697851, 0.00155472636972177, 0.002283504280901979, -0.0036438899539110443, 0.0002915112042730575, 0.0005344372144674656, -0.0005344372144674447, -0.0002915112042730477, -0.003595304779732818, 0.001603311543899947, -0.000583022388645639, 0.004032571645843924, -0.0018948227879739938, -0.0013603855735065324, 0.00204057831050855, -0.00024292599029388708, -0.0014575560213654353]
process noise = [0.003303792967642276, -0.0007287778634365518, 0.002817941025517854, 0.002817941025517877, 0.0002915111453748246, -0.00412974106029854, 0.0015547260555959282, 0.0022835038195291777, -0.0036438892176767173, 0.000291511145374824, 0.000534437106487059, -0.0005344371064870381, -0.0002915111453748142, -0.0035953040533149407, 0.001603311219957661, -0.0005830222708487995, 0.004032570831077606, -0.0018948224051329125, -0.0013603852986465341, 0.002040577898218083, -0.00024292594121208145, -0.0014575557268725013, 4.976559709343168e-12, 5.0091570389904195e-12, -1.115277327169124e-12, -1.115303825904634e-12, 4.3161570815077885e-12, 4.261358538756717e-12, 4.316146750608854e-12, 4.26136130110054e-12, 4.0987560566240203e-13, 4.098808838379209e-13, -6.293858399921207e-12, -6.293951962705706e-12, 2.3596359012219153e-12, 2.3456300269504846e-12, 3.4155043354949233e-12, 3.4305302438447557e-12, -5.652138990838757e-12, -5.655350692333951e-12, 4.0969618916287086e-13, 4.09701452922989e-13, 8.352401588075158e-13, 8.353672400377717e-13]
observation noise = [-0.0014575557268725013, 4.976559709343168e-12, 5.0091570389904195e-12, -1.115277327169124e-12, -1.115303825904634e-12, 4.3161570815077885e-12, 4.261358538756717e-12, 4.316146750608854e-12, 4.26136130110054e-12, 4.0987560566240203e-13, 4.098808838379209e-13, -6.293858399921207e-12, -6.293951962705706e-12, 2.3596359012219153e-12, 2.3456300269504846e-12, 3.4155043354949233e-12, 3.4305302438447557e-12, -5.652138990838757e-12, -5.655350692333951e-12, 4.0969618916287086e-13, 4.09701452922989e-13, 8.352401588075158e-13, 8.353672400377717e-13, -8.276123729622422e-13, -8.275393990311655e-13, -4.570262580745245e-13, -4.570402180449661e-13, -5.456367785443108e-12, -5.456489863940804e-12, 2.394989843595871e-12, 2.380969437436635e-12, -9.260944774514987e-13, -9.189942815114773e-13, 6.185310202013673e-12, 6.236699213870562e-12, -2.8974867648721764e-12, -2.8975662866368455e-12, -2.1747015790513276e-12, -2.1747505186279657e-12, 3.0529482388737035e-12, 3.0530105951761966e-12, -4.2192414412524753e-13, -4.2189118014806316e-13, -2.1767900436694035e-12, -2.1770620382294933e-12]
 
T = 22, number of trajectories = 1000, order = 1
status = Global optimum!
optimum = 0.13900128928523592
G = [-0.5921825333460098, 0.18829894872942265, 0.16664442617744574, 0.6064121115677973]
Fdash = [-0.0011206484935260186, 0.0012408086200934516]
ms = [0.1538734286012661, -1.6340383943763694, -0.3988088400226637, -0.9652561018245104, 0.054409176294505854, -0.6518007225442122, -0.15495236315268351, -0.38619483433126917, 0.0190400371520976, -0.26001792248530364, -0.060235362557060454, -0.15451003787291007, 0.0065777570383565975, -0.10373990919448338, -0.02342894123412743, -0.061818654493001376, 0.0022348769862510537, -0.04139861564124047, -0.009118097021170005, -0.024739550256554776, 0.0007409694793637336, -0.01653068256314033, -0.003550361873018807, -0.009912037783320508, 0.00023827372643526215, -0.006613777586688213, -0.001384742267288615, -0.003981383946214663, 7.131670710879104e-5, -0.0026553947027713573, -0.0005408403356194039, -0.0016092759908240253, 1.926673113114111e-5, -0.0010766284701968405, -0.0002130283376147082, -0.0006596567788151861, 4.006860897807713e-6, -0.00044538774506491606, -8.523875901396388e-5, -0.0002784808707331933, 3.73947770178448e-7, -0.00019154576989460916, -3.5041605048846134e-5, -0.00012283373549114456, 1.594625096767289e-6, -8.47240691014042e-5]
fs = [-0.0005158574593390246, -0.0006679518277972607, -0.0005968777661914411, -0.0005237020529564701, -0.0006018287794739936, -0.0005739053890319403, -0.0004312874411261038, -0.0005085706830832229, -0.0003862702901960553, -0.00042976940190272875, -0.0007827388823335856, -0.0008949281968232111, -0.0007197109567643207, -0.0006482378810198395, -0.000786252861179174, -0.0007736571822161764, -0.0007117527867207211, -0.0007432419468344375, -0.0006914922697176102, -0.0007370905261863546, -0.0007783437466779831, -0.0007087746725240228]
process noise = [0.00023491610742921504, 0.0002017816911068472, -0.0002913310167679368, -0.00017973238051691607, -0.00047761405435963844, -0.00043781265426491394, -0.00038083792758457493, -0.0004546984143189728, -0.00036579141037159567, -0.0004084276192344534, -0.0007744186402864759, -0.0008864547386489188, -0.0007163226173689891, -0.0006448631245781148, -0.000784862159854896, -0.00077229969585984, -0.0007111730102436632, -0.0007426848126433894, -0.0006912422376785187, -0.0007368524368042887, -0.000778230595456091, -0.0007086677420317864, 2.8889048010591502e-8, 2.4231880711302868e-6, -1.7439851759019923e-6, 1.5373669194745357e-6, 1.191315688177927e-6, -1.9687565341150387e-6, 3.553331045310973e-8, -2.749534687392388e-6, 9.163832347183488e-7, -4.936216741920357e-6, 1.5052076997375138e-6, -5.262981605741079e-6, 4.073325454271903e-7, -5.663837844193912e-6, 1.0547770498989113e-6, -6.73269919107556e-6, 6.736296812576433e-7, -7.35895343244693e-6, -1.7719503046550336e-7, -8.840439293533521e-6, 1.1371486837300274e-6, -1.1111122218801546e-5]
observation noise = [-0.0007086677420317864, 2.8889048010591502e-8, 2.4231880711302868e-6, -1.7439851759019923e-6, 1.5373669194745357e-6, 1.191315688177927e-6, -1.9687565341150387e-6, 3.553331045310973e-8, -2.749534687392388e-6, 9.163832347183488e-7, -4.936216741920357e-6, 1.5052076997375138e-6, -5.262981605741079e-6, 4.073325454271903e-7, -5.663837844193912e-6, 1.0547770498989113e-6, -6.73269919107556e-6, 6.736296812576433e-7, -7.35895343244693e-6, -1.7719503046550336e-7, -8.840439293533521e-6, 1.1371486837300274e-6, -1.1111122218801546e-5, 2.2375360695977258e-6, -1.1350707646013498e-5, 1.7263742728033578e-6, -1.0417019503266285e-5, 9.867755658002124e-7, -1.027641175963599e-5, 1.4000128153935264e-6, -1.089768919033602e-5, 2.0153968186173433e-6, -1.061654486527733e-5, 1.1089689930231608e-6, -9.98737300033371e-6, 2.0678072771421617e-6, -9.864228592617406e-6, 1.0000031410571692e-6, -9.060584742859166e-6, 2.3346566719812728e-6, -8.467227512478397e-6, 1.247664085335395e-6, -6.740533460896827e-6, 3.973038193590086e-6, -4.396826507164649e-6]
 
T = 23, number of trajectories = 1, order = 1
status = Global optimum!
optimum = 4.733297982412143e-10
G = [9.999999866595053e-11, 9.999999865422793e-11, 9.999999866690404e-11, 9.99999986507779e-11]
Fdash = [2.675055151157286e-10, 2.6752964591925163e-10]
ms = [1.0000000020965455e-10, 1.00000000211981e-10, 4.3750207099921294e-12, 4.393072565144267e-12, -9.82317229760596e-13, -9.768566937452137e-13, 3.7665123858842194e-12, 3.766768063960094e-12, 3.766554909775564e-12, 3.766808349936947e-12, 4.493528887078551e-13, 4.4910473286293957e-13, -5.532408040199404e-12, -5.532931884596637e-12, 2.0803176228035447e-12, 2.0803050343986277e-12, 3.0121885294958715e-12, 2.9985054387243583e-12, -4.923969195945453e-12, -4.891742155272316e-12, 4.237095121015388e-13, 4.4929934892751837e-13, 7.093871092715325e-13, 7.094012999459705e-13, -7.565762555366461e-13, -7.566306208573514e-13, -4.4180597439135795e-13, -4.41824414836053e-13, -4.82737941871928e-12, -4.882635711778086e-12, 2.1142235833742395e-12, 2.0594559109275517e-12, -7.296496626201984e-13, -7.437682977280289e-13, 5.3557714253446176e-12, 5.345100182685141e-12, -2.5360495640148173e-12, -2.5525979769277354e-12, -1.846727318147482e-12, -1.846872413221674e-12, 2.7580234147792424e-12, 2.7586038883076152e-12, -3.05329986307491e-13, -3.0537004504448734e-13, -1.9082886594243532e-12, -1.908374333781623e-12, -3.559128754054562e-12, -3.5593799958618312e-12]
fs = [0.0033037936351612285, -0.0007287780106826835, 0.0028179415948719256, 0.002817941594871936, 0.0002915112042730724, -0.00412974189469783, 0.0015547263697217504, 0.0022835042809019814, -0.0036438899539109493, 0.00029151120427306715, 0.0005344372144674783, -0.0005344372144674572, -0.00029151120427306184, -0.003595304779732847, 0.0016033115438998991, -0.0005830223886456364, 0.004032571645843902, -0.0018948227879740094, -0.0013603855735065144, 0.002040578310508593, -0.00024292599029387653, -0.0014575560213654056, -0.0026721859728349017]
process noise = [0.0033037929676425935, -0.0007287778634367557, 0.0028179410255181592, 0.0028179410255181653, 0.00029151114537494585, -0.004129741060298757, 0.001554726055596207, 0.002283503819529449, -0.003643889217676865, 0.00029151114537494065, 0.0005344371064872925, -0.0005344371064872715, -0.0002915111453749353, -0.0035953040533152555, 0.0016033112199578907, -0.0005830222708490235, 0.004032570831077838, -0.0018948224051332215, -0.0013603852986467844, 0.002040577898218405, -0.00024292594121214225, -0.0014575557268727518, -0.0026721854329305613, 4.375020452915607e-12, 4.393072266503541e-12, -9.823174084362132e-13, -9.768568543683603e-13, 3.766512155947932e-12, 3.76676783402387e-12, 3.766554678890031e-12, 3.766808119051477e-12, 4.4935270718928403e-13, 4.4910455134437496e-13, -5.532408136779967e-12, -5.532931981177572e-12, 2.0803174151847555e-12, 2.0803048267798737e-12, 3.012188306085068e-12, 2.9985052153137457e-12, -4.923969299982663e-12, -4.891742282348594e-12, 4.2370938603578174e-13, 4.4929916914386125e-13, 7.093869212859324e-13, 7.094011119603824e-13, -7.565764223637826e-13]
observation noise = [-0.0026721854329305613, 4.375020452915607e-12, 4.393072266503541e-12, -9.823174084362132e-13, -9.768568543683603e-13, 3.766512155947932e-12, 3.76676783402387e-12, 3.766554678890031e-12, 3.766808119051477e-12, 4.4935270718928403e-13, 4.4910455134437496e-13, -5.532408136779967e-12, -5.532931981177572e-12, 2.0803174151847555e-12, 2.0803048267798737e-12, 3.012188306085068e-12, 2.9985052153137457e-12, -4.923969299982663e-12, -4.891742282348594e-12, 4.2370938603578174e-13, 4.4929916914386125e-13, 7.093869212859324e-13, 7.094011119603824e-13, -7.565764223637826e-13, -7.566307876844999e-13, -4.4180614092750365e-13, -4.418245813722053e-13, -4.827379522068293e-12, -4.882635815126633e-12, 2.1142233754280064e-12, 2.0594557029813517e-12, -7.296498297230919e-13, -7.437684648307956e-13, 5.355771174339852e-12, 5.345099948703603e-12, -2.536049760032953e-12, -2.552598116914946e-12, -1.8467274635004365e-12, -1.8468725585746593e-12, 2.758023199288567e-12, 2.758603672816986e-12, -3.05330160679393e-13, -3.053702194163948e-13, -1.908288805224547e-12, -1.9083744795818496e-12, -3.559128877936116e-12, -3.5593801197434455e-12]
 
T = 23, number of trajectories = 1000, order = 1
status = Global optimum!
optimum = 0.14528926401294126
G = [-725.8229162578375, -252.54153389411172, 329.5004304256274, -2062.535674862127]
Fdash = [-0.11149276239191261, 0.032216184960350135]
ms = [-6.20512162328802e-13, -1.165123629713308e-13, 4.798061580231584e-10, 3.585188054136906e-11, 6.210065776567062e-10, 4.643432997423804e-11, 5.547682746256899e-10, 4.1481002052654995e-11, 4.865600063214026e-10, 3.6361449090738444e-11, 5.595164429245336e-10, 4.183111472309842e-11, 5.335738596972778e-10, 3.9906455022565975e-11, 4.0062209891546014e-10, 2.993663111113064e-11, 4.729546820420947e-10, 3.537303498741653e-11, 3.5884725031452737e-10, 2.6818647374757584e-11, 3.9910102296215e-10, 2.9787174668965265e-11, 7.278440880312316e-10, 5.439785993783334e-11, 8.321907419919198e-10, 6.223521670370522e-11, 6.688647624007664e-10, 5.0009096698704166e-11, 6.022983311420808e-10, 4.500535868006223e-11, 7.310112070333556e-10, 5.464966688882733e-11, 7.191869066424063e-10, 5.377107825844572e-11, 6.614759864160464e-10, 4.9443723545350074e-11, 6.909846294788707e-10, 5.16700531851471e-11, 6.185429261405907e-10, 3.628884856471865e-11, 2.1140357973489723e-8, 1.633598589233145e-8, -1.8958724097045992e-5, -2.6847869078673592e-5, 0.020541418856553962, 0.04912765302332151, -27.31620538917863, -94.55913062817325]
fs = [-0.0005157387703886808, -0.0006678143325614728, -0.000596829462607754, -0.0005236476751451551, -0.0006018091424773142, -0.0005738838742694566, -0.0004312794656039488, -0.0005085621664712753, -0.0003862670527086142, -0.0004297660280054189, -0.000782737567002472, -0.0008949268572759581, -0.000719710421116225, -0.0006482373475182735, -0.0007862526413364766, -0.000773656967625151, -0.000711752695075064, -0.0007432418587696269, -0.0006914922302011443, -0.0007370904888361577, -0.000778343531365448, -0.000708886505718229, -0.0007752441444982264]
process noise = [-0.0005157387179882931, -0.0006678142647413515, -0.0005968294020214717, -0.0005236476220072512, -0.0006018090813723407, -0.0005738838159981634, -0.0004312794218513491, -0.0005085621148201928, -0.00038626701351843716, -0.00042976598441777075, -0.0007827374875138183, -0.0008949267663927403, -0.0007197103480693417, -0.0006482372817402463, -0.000786252561502412, -0.0007736568890825828, -0.0007117526228346949, -0.0007432417833072885, -0.0006914921623260769, -0.0007370886580359451, -0.0007795923558818758, -1.372528239039321e-6, -4.918785092791381e-10, 1.4515040656408985e-28, -8.833602827726949e-20, 3.5792940026852974e-7, -8.410411862057013e-8, 4.6302217031262484e-7, -1.0880799150793064e-7, 4.1362576274868984e-7, -9.720397725065069e-8, 3.6289869522370773e-7, -8.528311444509883e-8, 4.1720752395376103e-7, -9.804283586979625e-8, 3.977587942704408e-7, -9.347439264891362e-8, 2.988138975171219e-7, -7.022441133419213e-8, 3.5257335427423886e-7, -8.285380605630049e-8, 2.6763148103084073e-7, -6.289611929044739e-8, 2.97927011179885e-7, -7.001245057175413e-8, 5.428558281826351e-7]
observation noise = [-4.918785092791381e-10, 1.4515040656408985e-28, -8.833602827726949e-20, 3.5792940026852974e-7, -8.410411862057013e-8, 4.6302217031262484e-7, -1.0880799150793064e-7, 4.1362576274868984e-7, -9.720397725065069e-8, 3.6289869522370773e-7, -8.528311444509883e-8, 4.1720752395376103e-7, -9.804283586979625e-8, 3.977587942704408e-7, -9.347439264891362e-8, 2.988138975171219e-7, -7.022441133419213e-8, 3.5257335427423886e-7, -8.285380605630049e-8, 2.6763148103084073e-7, -6.289611929044739e-8, 2.97927011179885e-7, -7.001245057175413e-8, 5.428558281826351e-7, -1.275651782969811e-7, 6.204089529668989e-7, -1.4579484388177917e-7, 4.987090446519239e-7, -1.1720067572419352e-7, 4.4925866460187494e-7, -1.0557775183705423e-7, 5.451051836107416e-7, -1.280978486901573e-7, 5.362432443793679e-7, -1.260181843705443e-7, 4.932920078151419e-7, -1.1592550846098274e-7, 5.151998561724324e-7, -1.210721159492907e-7, 4.792574298444463e-7, -1.1262712972813437e-7, 5.109471120062181e-7, -1.2007244317824224e-7, 5.404054428855745e-7, -1.2699523905627293e-7, 2.7370459356921685e-10, -7.912340591623953e-11]
 
T = 24, number of trajectories = 1, order = 1
status = Global optimum!
optimum = 4.5482481087342576e-10
G = [9.999999858505072e-11, 9.999999858795773e-11, 9.999999858582582e-11, 9.999999858812413e-11]
Fdash = [2.5203809360769226e-10, 2.510707369462914e-10]
ms = [1.0000000019975028e-10, 1.0000000019819932e-10, 4.146649139574479e-12, 4.1168319597643e-12, -9.624037871747837e-13, -9.714713366295563e-13, 3.4957028135793537e-12, 3.425725667421462e-12, 3.494118258474425e-12, 3.4256987667184797e-12, 3.832819891421583e-13, 3.8169106847867327e-13, -5.1497369480598354e-12, -5.130109211368539e-12, 1.911810331139018e-12, 1.8495947813176423e-12, 2.8093115270059327e-12, 2.798288265514296e-12, -4.599537112512375e-12, -4.596490275048635e-12, 3.690643741026476e-13, 3.665594004082323e-13, 6.445520237083728e-13, 6.251930295112819e-13, -6.751711489214343e-13, -6.724763800868077e-13, -3.7553212012160937e-13, -3.741327265794933e-13, -4.464761288204035e-12, -4.44762156072211e-12, 2.0461972356609767e-12, 2.0389543842212293e-12, -7.069489201223354e-13, -7.590606584267825e-13, 5.044693611802568e-12, 5.011384416422429e-12, -2.3841351517784585e-12, -2.3088345424115062e-12, -1.6633020737516752e-12, -1.678733273784991e-12, 2.509790034289183e-12, 2.4996634526407093e-12, -2.9567629571809703e-13, -2.945085707923145e-13, -1.852376130380483e-12, -1.845416702157818e-12, -3.348539919030699e-12, -3.3357649198173297e-12, -6.675001414309034e-13, -6.649518101914348e-13]
fs = [0.0033037936351612376, -0.0007287780106827096, 0.002817941594871931, 0.002817941594871959, 0.00029151120427305105, -0.0041297418946978194, 0.0015547263697217606, 0.002283504280901952, -0.0036438899539110057, 0.00029151120427305094, 0.0005344372144674518, -0.0005344372144674781, -0.0002915112042731072, -0.003595304779732852, 0.0016033115438999072, -0.0005830223886456468, 0.0040325716458439135, -0.0018948227879740113, -0.0013603855735065298, 0.002040578310508581, -0.00024292599029390055, -0.0014575560213654286, -0.0026721859728348683, -0.0005344372144674853]
process noise = [0.003303792967642868, -0.0007287778634369683, 0.002817941025518416, 0.002817941025518432, 0.0002915111453749283, -0.004129741060299005, 0.001554726055596442, 0.002283503819529696, -0.0036438892176771844, 0.00029151114537492813, 0.0005344371064873378, -0.0005344371064873642, -0.0002915111453749844, -0.003595304053315546, 0.0016033112199581468, -0.0005830222708491361, 0.004032570831078077, -0.0018948224051334689, -0.0013603852986470253, 0.0020405778982186696, -0.00024292594121217518, -0.001457555726873019, -0.0026721854329308224, -0.0005344371064873715, 4.146648882695379e-12, 4.116831702885441e-12, -9.62403947746789e-13, -9.714714893042095e-13, 3.4957026235887802e-12, 3.425725437679161e-12, 3.4941180278459615e-12, 3.4256985360906484e-12, 3.832818076854944e-13, 3.8169088702201827e-13, -5.149737044631909e-12, -5.1301093079407394e-12, 1.9118101234445016e-12, 1.8495945736234412e-12, 2.8093113038298154e-12, 2.7982880423382483e-12, -4.599537216898346e-12, -4.596490379434577e-12, 3.6906419425770804e-13, 3.6655922769801876e-13, 6.445517887720066e-13, 6.251928417321892e-13, -6.751713159280733e-13, -6.724765470934629e-13]
observation noise = [-0.0005344371064873715, 4.146648882695379e-12, 4.116831702885441e-12, -9.62403947746789e-13, -9.714714893042095e-13, 3.4957026235887802e-12, 3.425725437679161e-12, 3.4941180278459615e-12, 3.4256985360906484e-12, 3.832818076854944e-13, 3.8169088702201827e-13, -5.149737044631909e-12, -5.1301093079407394e-12, 1.9118101234445016e-12, 1.8495945736234412e-12, 2.8093113038298154e-12, 2.7982880423382483e-12, -4.599537216898346e-12, -4.596490379434577e-12, 3.6906419425770804e-13, 3.6655922769801876e-13, 6.445517887720066e-13, 6.251928417321892e-13, -6.751713159280733e-13, -6.724765470934629e-13, -3.755322868687017e-13, -3.741328933265945e-13, -4.464761391570182e-12, -4.447621664088366e-12, 2.046197027828616e-12, 2.0389541763889173e-12, -7.0694908721613e-13, -7.59060825520598e-13, 5.04469336099231e-12, 5.011384165612433e-12, -2.384135291510832e-12, -2.308834710048035e-12, -1.6633022452321149e-12, -1.6787334189865296e-12, 2.509789818956997e-12, 2.499663237308586e-12, -2.9567647004039094e-13, -2.945087451146159e-13, -1.852376275990608e-12, -1.845416847767987e-12, -3.3485400431176212e-12, -3.3357650439043336e-12, -6.675003076420679e-13, -6.649519764026156e-13]
 
T = 24, number of trajectories = 1000, order = 1
status = Global optimum!
optimum = 0.15163249792869585
G = [488.1786414199496, -297.3038943488222, 798.7014300197311, -486.4126824283422]
Fdash = [1.0185068859218809, -0.6212368716490779]
ms = [307.72473588703906, 504.51007356344024, 231.8338852552415, 380.08841299973335, 174.5856897809112, 286.2311944647896, 131.35609881011263, 215.35696501015804, 98.7775385418635, 161.94489960385434, 74.23521839919236, 121.70828216319923, 55.70183063455764, 91.32307505099072, 41.73823314899557, 68.42982695956702, 31.259887285048105, 51.25082647977766, 23.339070793896244, 38.26465181497535, 17.405835329778238, 28.537309064059627, 12.903720140201314, 21.156642439907067, 9.36831014370613, 15.360569904213683, 6.651768039008527, 10.906635904958291, 4.665804247096933, 7.650588382440548, 3.1961922787753103, 5.241347349547671, 2.0398351820961187, 3.345514045432508, 1.1696538324063168, 1.9187914472987024, 0.535844276978818, 0.8796965946006648, 0.050538947352215674, 0.08399092290290469, -0.2988128107482993, -0.4887090204683872, -0.5789527942813587, -0.9479440673891175, -0.8048872087731253, -1.3184315908678146, -0.9539328036220643, -1.5626965296261546, -1.093922896471434, -1.7920428889859221]
fs = [-0.0005158222596756862, -0.0006679162351616686, -0.000596923696837318, -0.0005237329846103381, -0.0006019026279534134, -0.0005739729407314532, -0.00043135120002879855, -0.0005086400504921149, -0.0003863315964040208, -0.00042983961380605633, -0.0007828574852138717, -0.0008950634469770374, -0.0007198262719597409, -0.0006483438743387249, -0.0007863750635545033, -0.000773778775601327, -0.0007118670749315968, -0.0007433586670124328, -0.000691603523938667, -0.0007372072916968402, -0.0007784653944922996, -0.0007088892463348708, -0.0007752452803118886, -0.0008979959747643517]
process noise = [1.229389632667039e-5, -2.332563292834295e-5, -8.398040742049218e-7, 1.5896809898308146e-5, -1.0555016138527844e-5, -1.0578049917294385e-5, 2.2408916499487335e-5, -1.5980316444671034e-5, 2.19431586845136e-5, 3.563148253644869e-5, -2.4308125600959302e-5, -3.105764573266355e-5, 1.2994720675432847e-5, 2.5497487333928874e-5, -1.1986471142362625e-5, -3.2756052845016397e-6, 1.1649107359983394e-5, -4.481589799386149e-6, 1.2391237457150855e-5, 1.6374959267295662e-6, -8.862268608509707e-6, 1.5960653320102637e-5, 7.18302445649266e-6, -1.310862531025513e-5, -2.7694522698604536e-6, 1.6927334457887763e-6, -6.754754831563885e-5, 4.1204250519157035e-5, 4.869611225811078e-5, -2.9699662849698406e-5, 5.1858404732050965e-5, -3.163033479344908e-5, -2.7620409409635252e-5, 1.6845589133269687e-5, 2.8627363519937336e-5, -1.7464769494336364e-5, 8.593549301870383e-5, -5.2421811688252396e-5, -2.1965438109217674e-5, 1.3390328084280044e-5, 6.6072233602084e-5, -4.0309979662921406e-5, -3.634412660667575e-5, 2.215690461131408e-5, -0.00020494872818730724, 0.00012499513363125174, -6.843210866588949e-5, 4.1725148617891835e-5]
observation noise = [-1.310862531025513e-5, -2.7694522698604536e-6, 1.6927334457887763e-6, -6.754754831563885e-5, 4.1204250519157035e-5, 4.869611225811078e-5, -2.9699662849698406e-5, 5.1858404732050965e-5, -3.163033479344908e-5, -2.7620409409635252e-5, 1.6845589133269687e-5, 2.8627363519937336e-5, -1.7464769494336364e-5, 8.593549301870383e-5, -5.2421811688252396e-5, -2.1965438109217674e-5, 1.3390328084280044e-5, 6.6072233602084e-5, -4.0309979662921406e-5, -3.634412660667575e-5, 2.215690461131408e-5, -0.00020494872818730724, 0.00012499513363125174, -6.843210866588949e-5, 4.1725148617891835e-5, 0.00010162522218234211, -6.200255774337385e-5, 4.871382045058688e-5, -2.973025490824014e-5, -6.603898358429861e-5, 4.026246511291341e-5, 9.470236318983495e-6, -5.794610075666421e-6, 4.022426506055536e-5, -2.4552947716817022e-5, -4.831117824142709e-6, 2.9289422690295165e-6, 3.1221982995733306e-5, -1.9060829874270906e-5, -1.8996273943718877e-5, 1.1570901929766791e-5, -1.5790239593484592e-5, 9.617016197740368e-6, 3.8492864963297144e-5, -2.3490693635357062e-5, -3.512324024886124e-5, 2.1414298544079156e-5, -6.675885151443045e-5, 4.0714269261378524e-5]
 
T = 25, number of trajectories = 1, order = 1
status = Global optimum!
optimum = 8.639991199668257e-10
G = [9.999999849060195e-11, 9.999999849281423e-11, 9.999999848833825e-11, 9.999999849280468e-11]
Fdash = [1.7567556931032537e-10, 1.7525235850985745e-10]
ms = [1.0000000014340558e-10, 1.0000000014224236e-10, 2.832475193155634e-12, 2.8257437483894706e-12, -6.090800452614329e-13, -5.822850861043768e-13, 2.471380201542291e-12, 2.421668202145958e-12, 2.4689900884701217e-12, 2.4397152249660142e-12, 2.4572266746150687e-13, 2.4500053382656246e-13, -3.647819956952976e-12, -3.639507474809473e-12, 1.3734600866864983e-12, 1.3702316557395381e-12, 1.983623344279315e-12, 1.9785848749943186e-12, -3.2072759001553925e-12, -3.19965285590997e-12, 2.4573684141700425e-13, 2.7060407660706295e-13, 4.885685893740549e-13, 4.77297997032156e-13, -5.262430477983976e-13, -5.14963881515412e-13, -2.988629141811332e-13, -2.984577845461507e-13, -3.1310906501673503e-12, -3.1231845426481934e-12, 1.3948548980727349e-12, 1.3915077017063503e-12, -5.383235943541634e-13, -5.371274041996435e-13, 3.4424943946177235e-12, 3.4340844384775336e-12, -1.6383574482083038e-12, -1.6088235948307238e-12, -1.1442165770699678e-12, -1.192020423015831e-12, 1.756558173826585e-12, 1.7558464968704244e-12, -2.2222646925704337e-13, -2.2172596681552545e-13, -1.2194129551014428e-12, -1.2163810728842749e-12, -2.3249427138265682e-12, -2.3193663585613556e-12, -5.161215823495767e-13, -5.152704700505351e-13, -3.899990574330539e-12, -3.890540606676167e-12]
fs = [0.0033037936351329768, -0.0007287780106764373, 0.002817941594847803, 0.0028179415948478164, 0.00029151120427057473, -0.004129741894662433, 0.0015547263697084372, 0.0022835042808824167, -0.003643889953879793, 0.00029151120427057435, 0.0005344372144629064, -0.000534437214462907, -0.00029151120427056796, -0.0035953047797020595, 0.0016033115438862245, -0.0005830223886406776, 0.0040325716458094315, -0.001894822787957787, -0.001360385573494916, 0.0020405783104911175, -0.00024292599029179077, -0.001457556021352922, -0.0026721859728120767, -0.0005344372144629073, -0.004421253337739052]
process noise = [0.0033037929732970678, -0.0007287778646846585, 0.002817941030341258, 0.0028179410303412664, 0.00029151114587420176, -0.004129741067366392, 0.0015547260582577938, 0.002283503823438104, -0.0036438892239132837, 0.0002915111458742016, 0.0005344371074024444, -0.0005344371074024448, -0.00029151114587419504, -0.0035953040594684763, 0.0016033112227026723, -0.0005830222718473908, 0.0040325708379792295, -0.001894822408376775, -0.0013603853009758605, 0.0020405779017113766, -0.00024292594162822863, -0.0014575557293680678, -0.00267218543750432, -0.0005344371074024449, -0.0044212524520451935, 2.832474939755736e-12, 2.825743494989621e-12, -6.090802042286172e-13, -5.822852450718264e-13, 2.4713799750093743e-12, 2.4216678306190174e-12, 2.468989691770812e-12, 2.4397149978249524e-12, 2.4572248793946213e-13, 2.450003543045219e-13, -3.647820054284389e-12, -3.639507572140946e-12, 1.3734598812018802e-12, 1.3702314502549428e-12, 1.9836231239120953e-12, 1.9785846546268603e-12, -3.2072760045826074e-12, -3.199652960337238e-12, 2.45736663026523e-13, 2.706038982163313e-13, 4.885684035450704e-13, 4.772976588450361e-13, -5.262431762033271e-13, -5.149640473369483e-13, -2.9886307942004764e-13]
observation noise = [-0.0044212524520451935, 2.832474939755736e-12, 2.825743494989621e-12, -6.090802042286172e-13, -5.822852450718264e-13, 2.4713799750093743e-12, 2.4216678306190174e-12, 2.468989691770812e-12, 2.4397149978249524e-12, 2.4572248793946213e-13, 2.450003543045219e-13, -3.647820054284389e-12, -3.639507572140946e-12, 1.3734598812018802e-12, 1.3702314502549428e-12, 1.9836231239120953e-12, 1.9785846546268603e-12, -3.2072760045826074e-12, -3.199652960337238e-12, 2.45736663026523e-13, 2.706038982163313e-13, 4.885684035450704e-13, 4.772976588450361e-13, -5.262431762033271e-13, -5.149640473369483e-13, -2.9886307942004764e-13, -2.984579497850695e-13, -3.131090754139156e-12, -3.1231846466200514e-12, 1.394854692483987e-12, 1.3915074961176261e-12, -5.383237603574667e-13, -5.371275702029552e-13, 3.442494147443945e-12, 3.4340841913038133e-12, -1.6383575872448929e-12, -1.608823733867595e-12, -1.1442167218444737e-12, -1.1920204641711882e-12, 1.7565579053597208e-12, 1.7558462841428987e-12, -2.2222664188832753e-13, -2.2172613944681314e-13, -1.219413100155468e-12, -1.2163812179383214e-12, -2.3249428382421414e-12, -2.319366482976968e-12, -5.161217476100878e-13, -5.15270635311054e-13, -3.899990664762373e-12, -3.890540697108064e-12]
 
T = 25, number of trajectories = 1000, order = 1
status = Global optimum!
optimum = 0.15814192268032218
G = [4.886462112579952, 57.962167954331186, -0.5173445625900273, -5.951418937085459]
Fdash = [1.7322654503829355e-6, 1.7701090278164934e-5]
ms = [24.38868776276549, 0.0678656132013199, 123.10803680398794, -13.021251734199922, -153.17722242806383, 13.805650490882192, 51.710738611848974, -2.9178062033400596, 83.56019178451143, -9.387182834403534, -135.7877568033816, 12.637646784670965, 68.98367656108198, -4.962872247758581, 49.42728707940111, -6.152198766484381, -115.0702125293561, 11.043374271015574, 77.8116804839711, -6.192797831146498, 21.275840568341547, -3.3995158896974598, -93.07972208181813, 9.225003052223624, 79.87064085525716, -6.747570032957807, -0.8189270640919993, -1.1630254518673393, -71.4131326541992, 7.345318984604902, 76.79304555925944, -6.769874994309375, -17.150323736188763, 0.5618984471600391, -51.235555052886376, 5.5285329016663685, 70.0851539845529, -6.396179659602944, -28.26799001072789, 1.808172247728197, -33.324878768426565, 3.863099334900499, 61.07285498860815, -5.7504774151085964, -34.87994570326006, 2.6277911482073297, -18.127061353038062, 2.405863539986782, 50.87186809885146, -4.940364907284054, -37.77080446589795, 3.083896847686581]
fs = [-0.0005157414949718009, -0.0006678176474446197, -0.0005968234665436305, -0.0005236510606004041, -0.0006018109637011363, -0.0005738788707801983, -0.0004312831458184555, -0.0005085627754829432, -0.00038626307341347736, -0.000429769714589377, -0.0007827372423029809, -0.0008949238665668013, -0.0007197138999166924, -0.0006482363493896478, -0.0007862505558514388, -0.0007736600918757118, -0.0007117512552725743, -0.0007432405645255343, -0.0006914949115427073, -0.000737088804341441, -0.000778343095695841, -0.0007087768540930498, -0.0007751198187848207, -0.0008978559773982908, -0.0007860102523617341]
process noise = [-0.0004985069413215625, -0.0006468491028982111, -0.0006347518412736884, -0.0005022361230016306, -0.0005902906505589917, -0.0006055286606067632, -0.00040800370161400923, -0.0005047103868355425, -0.00041143428574696636, -0.0004064499802318245, -0.000784791067408259, -0.0009138416719013993, -0.000697708482065849, -0.0006545500014492656, -0.0007994423269939123, -0.0007538973935771302, -0.000720858733330501, -0.0007514273016688011, -0.0006745338692787162, -0.0007477423380578247, -0.0007823477724120634, -0.0006948702976503431, -0.0007863053440533257, -0.0008985297116559126, -0.000775169529289039, -3.596229583575219e-9, -3.502710400304545e-8, -2.179619053539205e-8, -2.1374468636723692e-7, 4.1596351969946904e-8, 4.31352986868491e-7, -4.079439714278752e-8, -4.792076176053452e-7, -1.0924703462741969e-8, -3.3334044328625596e-8, 5.148961621064045e-8, 4.982804569373887e-7, -5.907650339834646e-8, -6.680842700184038e-7, 1.396415454297637e-8, 2.421666144617975e-7, 2.199645790574813e-8, 1.6607882951478782e-7, -3.4637407463307026e-8, -3.714008759586967e-7, 1.9154383951081072e-8, 2.428874817308459e-7, -2.343445664701936e-8, -2.806386117499129e-7, 2.036821644259076e-8]
observation noise = [-0.000775169529289039, -3.596229583575219e-9, -3.502710400304545e-8, -2.179619053539205e-8, -2.1374468636723692e-7, 4.1596351969946904e-8, 4.31352986868491e-7, -4.079439714278752e-8, -4.792076176053452e-7, -1.0924703462741969e-8, -3.3334044328625596e-8, 5.148961621064045e-8, 4.982804569373887e-7, -5.907650339834646e-8, -6.680842700184038e-7, 1.396415454297637e-8, 2.421666144617975e-7, 2.199645790574813e-8, 1.6607882951478782e-7, -3.4637407463307026e-8, -3.714008759586967e-7, 1.9154383951081072e-8, 2.428874817308459e-7, -2.343445664701936e-8, -2.806386117499129e-7, 2.036821644259076e-8, 2.318639372378962e-7, -1.3113733254324321e-8, -1.770476948236656e-7, -3.97818922654383e-8, -3.6736996502277785e-7, 7.389983199452316e-8, 7.694996052511268e-7, -6.471385256263216e-8, -7.707465478866924e-7, -1.9616298196888392e-8, -7.224925465097085e-8, 8.500032817223563e-8, 8.287898626472859e-7, -9.107188207377247e-8, -1.0362558107784929e-6, 1.3402468578583543e-8, 2.9350555808002415e-7, 4.857023003953786e-8, 4.1214087636396867e-7, -6.484012013344374e-8, -7.111257445100909e-7, 1.9648218880802445e-8, 2.991354572125142e-7, -5.767554777526852e-10, -6.915224587835056e-8]
 
T = 26, number of trajectories = 1, order = 1
status = Global optimum!
optimum = 1.2241752284065716e-9
G = [9.999999843420714e-11, 9.99999984324697e-11, 9.99999984338756e-11, 9.999999843149406e-11]
Fdash = [1.771688856450485e-10, 1.7676169598371973e-10]
ms = [1.0000000014231281e-10, 1.0000000014270206e-10, 2.851780615087278e-12, 2.8449472722105866e-12, -6.128485918595636e-13, -6.112833172475332e-13, 2.5168764708799806e-12, 2.537334992722619e-12, 2.5430527334125635e-12, 2.487848697149866e-12, 2.5461894716354374e-13, 2.476737752338986e-13, -3.670449042627003e-12, -3.6624902053701274e-12, 1.382406967859515e-12, 1.379260619641066e-12, 1.9965479196166654e-12, 1.9370246839197834e-12, -3.2275213439075465e-12, -3.2201404386610408e-12, 2.480262939999795e-13, 2.4743795096499947e-13, 4.666719482498348e-13, 4.743437595016647e-13, -4.932982463673817e-13, -5.270941829556251e-13, -3.0359080097605533e-13, -2.996812329518942e-13, -3.150637998794322e-12, -3.14335549601241e-12, 1.4044801930084584e-12, 1.4012358379838835e-12, -5.40677246078742e-13, -5.397786148961322e-13, 3.466045833379811e-12, 3.45788325432466e-12, -1.648576486929503e-12, -1.6996395963403783e-12, -1.1770114255468898e-12, -1.1484384908942078e-12, 1.798123649809839e-12, 1.761137994509432e-12, -2.472872247395408e-13, -2.2254199369712786e-13, -1.3357819712626252e-12, -1.332829232184113e-12, -2.3397389977716034e-12, -2.334340212151391e-12, -5.189136293854722e-13, -5.178167449394561e-13, -3.917563420676016e-12, -3.908322859180823e-12, 1.5795929839637484e-14, 1.5462029781261838e-14]
fs = [0.0033037936351330024, -0.0007287780106764819, 0.0028179415948478416, 0.00281794159484785, 0.00029151120427060054, -0.004129741894662548, 0.0015547263697084934, 0.0022835042808824505, -0.003643889953879917, 0.00029151120427060043, 0.0005344372144629393, -0.0005344372144629326, -0.0002915112042705941, -0.0035953047797020864, 0.0016033115438862636, -0.0005830223886406493, 0.0040325716458094844, -0.0018948227879578112, -0.0013603855734949245, 0.0020405783104911587, -0.00024292599029181305, -0.001457556021352898, -0.0026721859728121022, -0.0005344372144629329, -0.004421253337739102, 4.858520004840688e-5]
process noise = [0.0033037929732874123, -0.000728777864682185, 0.0028179410303329766, 0.002817941030333023, 0.00029151114587314017, -0.004129741067354419, 0.001554726058253035, 0.0022835038234313423, -0.0036438892239027275, 0.0002915111458731401, 0.0005344371074005891, -0.0005344371074005819, -0.0002915111458731337, -0.003595304059458028, 0.001603311222697793, -0.0005830222718453121, 0.004032570837967528, -0.001894822408371071, -0.0013603853009716087, 0.002040577901705295, -0.00024292594162732926, -0.0014575557293635025, -0.002672185437496452, -0.000534437107400582, -0.004421252452032267, 4.8585190315573295e-5, 2.851780361687216e-12, 2.8449470188106366e-12, -6.128487508311119e-13, -6.112834762191061e-13, 2.5168762443501875e-12, 2.5373347661926643e-12, 2.5430525062546793e-12, 2.4878484726879644e-12, 2.546185144589342e-13, 2.476735957004505e-13, -3.670449139959641e-12, -3.662490302703175e-12, 1.382406762379937e-12, 1.3792604141615406e-12, 1.9965476994399966e-12, 1.937024463743189e-12, -3.2275214485244503e-12, -3.2201405432780678e-12, 2.4802611561437775e-13, 2.474377725794076e-13, 4.666717622309824e-13, 4.743435734827432e-13, -4.932984121863777e-13, -5.270943498421168e-13, -3.0359115601184224e-13, -2.99681397999881e-13]
observation noise = [4.8585190315573295e-5, 2.851780361687216e-12, 2.8449470188106366e-12, -6.128487508311119e-13, -6.112834762191061e-13, 2.5168762443501875e-12, 2.5373347661926643e-12, 2.5430525062546793e-12, 2.4878484726879644e-12, 2.546185144589342e-13, 2.476735957004505e-13, -3.670449139959641e-12, -3.662490302703175e-12, 1.382406762379937e-12, 1.3792604141615406e-12, 1.9965476994399966e-12, 1.937024463743189e-12, -3.2275214485244503e-12, -3.2201405432780678e-12, 2.4802611561437775e-13, 2.474377725794076e-13, 4.666717622309824e-13, 4.743435734827432e-13, -4.932984121863777e-13, -5.270943498421168e-13, -3.0359115601184224e-13, -2.99681397999881e-13, -3.150638102958087e-12, -3.1433556001762964e-12, 1.4044799874241588e-12, 1.4012356323996382e-12, -5.406774120834024e-13, -5.397787809008123e-13, 3.466045586206611e-12, 3.4578830071515955e-12, -1.648576625971838e-12, -1.699639735382231e-12, -1.1770115703106923e-12, -1.148438635658313e-12, 1.798123436887558e-12, 1.7611376169726425e-12, -2.472873770611462e-13, -2.225421661403607e-13, -1.3357821163120643e-12, -1.332829377233601e-12, -2.3397391219721274e-12, -2.3343403363520055e-12, -5.189137946427018e-13, -5.178169101967037e-13, -3.917563511107164e-12, -3.908322949611571e-12, 1.5795758532246762e-14, 1.5461858473872732e-14]
 
T = 26, number of trajectories = 1000, order = 1
status = Global optimum!
optimum = 0.16403537096125753
G = [-39.60834471105914, 166.2672884002054, -9.18206091534221, 38.517111094973224]
Fdash = [1.440237810855486e-5, -6.091929938549224e-5]
ms = [70.57180273722986, 16.773243846354355, -6.390515583797133, -1.9377040664949503, -69.05908467992919, -15.95653904744149, 82.26558680615899, 19.50478695793507, -15.395669320232676, -4.099640667949342, -71.83922317364618, -16.542069387223435, 95.02772276350242, 22.4792805244309, -26.321707922571445, -6.713718055650712, -73.71251814825972, -16.905063616734324, 108.87171112449887, 25.698756734124917, -39.3654864155334, -9.825587243876727, -74.47211223943236, -16.996443546274, 123.76437935015855, 29.154152493549258, -54.72005117924959, -13.479483114735103, -73.8265348475316, -16.74759818539157, 139.56888191426995, 32.81160500007473, -72.59554492329421, -17.72279244090572, -71.33127477886906, -16.05407457710791, 156.04613178211122, 36.61214264447657, -93.32730929546771, -22.63105942846373, -66.26450478495619, -14.746604631066152, 172.74942546146406, 40.4479093976031, -117.15487309366887, -28.257847731511458, -58.04492269046157, -12.688298812807412, 189.4144081916588, 44.25477729527379, -144.26957171207383, -34.6475338140742, -46.472564092294945, -9.830911978102677]
fs = [-0.0005157346592864233, -0.0006678178980670182, -0.0005968299997635813, -0.0005236432465949123, -0.0006018133989126187, -0.0005738840002295928, -0.0004312747387693088, -0.0005085671922552833, -0.000386266663599231, -0.00042976103060786473, -0.0007827434422189598, -0.0008949258374548787, -0.0007197051944015233, -0.000648244149396324, -0.0007862508606388487, -0.0007736515749460994, -0.0007117604946974431, -0.0007432391634506158, -0.0006914867708930102, -0.000737099343679327, -0.0007783399434721308, -0.000708769258544521, -0.0007751315502727246, -0.0008978510174914872, -0.0007860033408283017, -0.0007565809625531082]
process noise = [-0.0005417396116352655, -0.0006452640279576631, -0.0005934321300077534, -0.0005516562329660005, -0.0005748890211429293, -0.0005730871738871282, -0.00046117454894467434, -0.0004767762661585722, -0.0003887279571040713, -0.00046137230164447403, -0.0007455793560764861, -0.0009013766809919858, -0.0007527669944193974, -0.0006052184278772602, -0.0007975146817809541, -0.0008077631864567808, -0.0006624234796519713, -0.000760288476910785, -0.0007260198592198099, -0.0006810857126980475, -0.000802284184897377, -0.0007429087649085515, -0.0007121089003088425, -0.0009298989159057737, -0.0008188819047970329, -0.0006861577930318521, 2.1037521443320514e-6, -9.081036895728011e-6, -2.7943706927436606e-5, 0.00012038071258704166, 3.504313189507838e-5, -0.0001481494405988852, 1.2433807209030296e-5, -5.7520602508333804e-5, -6.339078790457625e-5, 0.0002721390692854303, 2.9071820898595898e-5, -0.00011843759480533464, 7.4412725928069e-5, -0.0003242904959767916, -0.0001027344174310396, 0.00043505176308972427, -2.9417707326506987e-5, 0.00013826869168815487, 0.00017964335662868, -0.0007718731378159709, -0.00011993071780985126, 0.000497668573616297, -0.00013269578982658, 0.0005857102727287127, 0.00026836370396607833, -0.0011432458695619018]
observation noise = [-0.0006861577930318521, 2.1037521443320514e-6, -9.081036895728011e-6, -2.7943706927436606e-5, 0.00012038071258704166, 3.504313189507838e-5, -0.0001481494405988852, 1.2433807209030296e-5, -5.7520602508333804e-5, -6.339078790457625e-5, 0.0002721390692854303, 2.9071820898595898e-5, -0.00011843759480533464, 7.4412725928069e-5, -0.0003242904959767916, -0.0001027344174310396, 0.00043505176308972427, -2.9417707326506987e-5, 0.00013826869168815487, 0.00017964335662868, -0.0007718731378159709, -0.00011993071780985126, 0.000497668573616297, -0.00013269578982658, 0.0005857102727287127, 0.00026836370396607833, -0.0011432458695619018, -7.804624363206154e-5, 0.00030722717541722754, -0.00022164546475104214, 0.000964742920843044, 0.00024945876432353684, -0.0010518086639169544, -5.60606391429285e-7, -2.4886222308912122e-5, -0.00014064017585178098, 0.0006064662018172243, -1.0847393057404244e-5, 6.253965266072412e-5, 0.00014248365734380756, -0.0006134427771135672, 4.292988876131736e-5, -0.00020121934321239935, -0.00029776630485516583, 0.0012801214982917852, 0.00019758675713090208, -0.000819706668356072, 0.00013955523056886598, -0.0006236965311235416, -0.00021846709084930198, 0.000926876885351521, 5.241849742417658e-6, 1.4154781545262152e-6]
 
T = 27, number of trajectories = 1, order = 1
status = Global optimum!
optimum = 2.1305420859978688e-10
G = [9.999999843029691e-11, 9.999999844262107e-11, 9.99999984300565e-11, 9.999999844033895e-11]
Fdash = [3.7125554124424203e-10, 3.7056144856880275e-10]
ms = [1.000000002693685e-10, 1.000000002693685e-10, 6.080124564138244e-12, 6.068232716958039e-12, -1.3556014360471051e-12, -1.353218617185885e-12, 5.157477490900945e-12, 5.0928191674571904e-12, 5.157713239213964e-12, 5.118522755008457e-12, 6.220703026563986e-13, 5.936307056007038e-13, -7.618466522436452e-12, -7.581264298596592e-12, 2.8258566357066513e-12, 2.8204733341239882e-12, 4.1275039392882475e-12, 4.119597249583645e-12, -6.78218333596856e-12, -6.7695662206515305e-12, 5.966153639655319e-13, 5.956059796903643e-13, 9.763506545165458e-13, 9.740942590905495e-13, -1.0296659090464073e-12, -1.00194162895353e-12, -6.24226327030505e-13, -6.40492389326543e-13, -6.606277538281576e-12, -6.6082095942481e-12, 2.9875669560739495e-12, 2.9816063098405624e-12, -1.0822723628678992e-12, -1.0804896285081533e-12, 7.436312330825018e-12, 7.422743604088047e-12, -3.5278591212710352e-12, -3.5212931273169697e-12, -2.497527119493907e-12, -2.49281313834357e-12, 3.748049639215032e-12, 3.766851827383729e-12, -3.529253206841772e-13, -4.1669650177676117e-13, -2.7242480534396293e-12, -2.707407946190751e-12, -4.882659218346519e-12, -4.873006574657837e-12, -1.029395344161723e-12, -1.0271376524812133e-12, -8.142778366193844e-12, -8.127457403365717e-12, 5.3747680342645545e-14, 5.3637813712327307e-14, 7.0499220429685596e-12, 7.037025332962408e-12]
fs = [0.0033037936351329425, -0.0007287780106764246, 0.0028179415948477965, 0.002817941594847788, 0.00029151120427057517, -0.004129741894662417, 0.0015547263697084628, 0.0022835042808824067, -0.0036438899538798327, 0.0002915112042705744, 0.0005344372144628999, -0.000534437214462899, -0.0002915112042705669, -0.0035953047797020058, 0.0016033115438862172, -0.0005830223886406682, 0.0040325716458093986, -0.0018948227879577618, -0.0013603855734948677, 0.0020405783104911063, -0.0002429259902918192, -0.0014575560213529082, -0.0026721859728120042, -0.0005344372144628975, -0.004421253337738984, 4.858520004840267e-5, 0.003789645575915569]
process noise = [0.003303792973301814, -0.0007287778646847471, 0.0028179410303450733, 0.0028179410303450676, 0.00029151114587398433, -0.004129741067372769, 0.001554726058259162, 0.0022835038234408846, -0.0036438892239187993, 0.0002915111458739836, 0.0005344371074023876, -0.0005344371074023866, -0.00029151114587397614, -0.0035953040594738084, 0.0016033112227041347, -0.0005830222718473686, 0.004032570837985462, -0.0018948224083788119, -0.001360385300976833, 0.002040577901713694, -0.00024292594162801277, -0.001457555729369216, -0.0026721854375078235, -0.0005344371074023857, -0.004421252452052162, 4.8585190315678564e-5, 0.0037896448167559103, 6.0801243093580096e-12, 6.068232462178834e-12, -1.3556015954627868e-12, -1.3532187766016126e-12, 5.157477263338267e-12, 5.092818939894687e-12, 5.157713010355375e-12, 5.118522526149789e-12, 6.220701225948378e-13, 5.936304990239576e-13, -7.618466504411505e-12, -7.581264394611239e-12, 2.8258564371662425e-12, 2.8204731355833993e-12, 4.12750371783618e-12, 4.1195970281317206e-12, -6.7821834394405904e-12, -6.769566324123789e-12, 5.96615186287023e-13, 5.956058020118738e-13, 9.76350468422757e-13, 9.740940729967942e-13, -1.0296660745761896e-12, -1.0019417944835994e-12, -6.242264921662038e-13, -6.40492744467731e-13, -6.606277687770335e-12]
observation noise = [0.0037896448167559103, 6.0801243093580096e-12, 6.068232462178834e-12, -1.3556015954627868e-12, -1.3532187766016126e-12, 5.157477263338267e-12, 5.092818939894687e-12, 5.157713010355375e-12, 5.118522526149789e-12, 6.220701225948378e-13, 5.936304990239576e-13, -7.618466504411505e-12, -7.581264394611239e-12, 2.8258564371662425e-12, 2.8204731355833993e-12, 4.12750371783618e-12, 4.1195970281317206e-12, -6.7821834394405904e-12, -6.769566324123789e-12, 5.96615186287023e-13, 5.956058020118738e-13, 9.76350468422757e-13, 9.740940729967942e-13, -1.0296660745761896e-12, -1.0019417944835994e-12, -6.242264921662038e-13, -6.40492744467731e-13, -6.606277687770335e-12, -6.608209696771645e-12, 2.9875667503963452e-12, 2.9816061041630587e-12, -1.0822725287998236e-12, -1.0804897944401143e-12, 7.436312082179395e-12, 7.42274335544268e-12, -3.527859260316019e-12, -3.5212932663620725e-12, -2.497527263104757e-12, -2.492813281954234e-12, 3.748049425769712e-12, 3.766851613938283e-12, -3.5292549371345735e-13, -4.1669669749504805e-13, -2.72424823551729e-12, -2.7074080906199053e-12, -4.882659341282682e-12, -4.8730066975941676e-12, -1.0293955085208944e-12, -1.0271378168404182e-12, -8.14277845474657e-12, -8.127457491918991e-12, 5.374750968742832e-14, 5.3637643057113114e-14, 7.04992179448561e-12, 7.037025084479697e-12]
 
T = 27, number of trajectories = 1000, order = 1
status = Global optimum!
optimum = 0.17046741203563082
G = [0.3363135048406815, 0.45206814603679135, -1.670509812770932, 0.23121511295398056]
Fdash = [0.0001471609395356598, 0.0001220429577314563]
ms = [1.0955536743703942, 0.09725498273764364, 0.4124140990171859, -1.8076467227641673, -0.6784789093926848, -1.1068969875231232, -0.7285729566772887, 0.8774740709162377, 0.15164862830730336, 1.419972708423503, 0.6929245432469336, 0.07498856775740165, 0.2669393678271407, -1.1401985250690152, -0.4256710758988207, -0.7095558331037222, -0.46392502516271517, 0.5470273598538471, 0.09127054538556763, 0.9014716832729904, 0.43822194475025483, 0.05596479194738719, 0.17267863968559535, -0.7191146878782434, -0.2670152539347476, -0.45473207156793444, -0.2953696342257135, 0.340910138509793, 0.05477783366170017, 0.5722406632924023, 0.277113912371622, 0.04080350545226411, 0.11164446385023247, -0.45348684937052947, -0.16745811328095672, -0.2913566626205839, -0.18803134865218435, 0.21237329162925678, 0.032768907869930926, 0.363211623036286, 0.1752167956348714, 0.029239379430837095, 0.07214691747444936, -0.28594085118440343, -0.10499978878812334, -0.1866368307399134, -0.1196853780508196, 0.1322490675612331, 0.019533622615988344, 0.23051296250490802, 0.11077761273149808, 0.020666537496489803, 0.04659852411390701, -0.1802774681244369, -0.06582653487526159, -0.11952651796751237]
fs = [-0.0005157640518456548, -0.0006678514730951374, -0.0005968294828257114, -0.0005236167506708453, -0.0006017915751151925, -0.0005738996626223016, -0.00043130305853602126, -0.0005085624053025253, -0.0003862475366722752, -0.0004297547532153245, -0.0007827474240437783, -0.0008949418426755613, -0.0007197107153379355, -0.0006482250325257383, -0.000786245407154688, -0.0007736631196689267, -0.0007117622122228981, -0.000743242135762327, -0.0006914844601639534, -0.0007370858480795193, -0.0007783475671656042, -0.000708780699291785, -0.0007751218199484976, -0.0008978511820350424, -0.0007860055626458741, -0.0007565722235496312, -0.0008302924759492965]
process noise = [-0.0003558447454066654, -0.0004329168720157669, -0.0005967015329815273, -0.0007192311850173124, -0.0007129148252613815, -0.00047402951031099154, -0.0002820646397004283, -0.0005070516002919404, -0.0005096972665033494, -0.0005010740178342276, -0.0007203960914055978, -0.0008001507889261817, -0.0007178495281160965, -0.0007261241331188751, -0.0008320055437179066, -0.0007347479551160429, -0.0006515608916181657, -0.0007414899238144351, -0.0007406341805514336, -0.0007664393797454799, -0.0007540677250532155, -0.0006705511239947403, -0.0007736488808517436, -0.0009288582520353274, -0.0008048298978845784, -0.0007414281107302158, -0.0008060180099319673, -1.2780037437587465e-6, -3.735745949098929e-7, 1.639105411026005e-7, 5.213892327607361e-8, 1.5343018350993344e-6, -2.940141597947425e-7, -5.237744587929637e-7, -8.3140651113789e-7, -1.36995944793189e-6, -5.977174568835841e-8, -4.574946736829813e-7, 2.3441015890040072e-7, 1.0439952312258417e-6, 1.3063760773621733e-7, 1.4974098060395044e-6, -3.182049651233605e-7, 1.1520871562828518e-6, -6.167131471325792e-7, -2.0577409611089192e-7, -7.428607918324776e-7, -1.2186389467817323e-6, -5.340297621041437e-7, -5.682163746868546e-7, -5.25779637730455e-7, 1.086903230217151e-6, -5.367091579913131e-7, 1.6611947972521947e-8]
observation noise = [-0.0008060180099319673, -1.2780037437587465e-6, -3.735745949098929e-7, 1.639105411026005e-7, 5.213892327607361e-8, 1.5343018350993344e-6, -2.940141597947425e-7, -5.237744587929637e-7, -8.3140651113789e-7, -1.36995944793189e-6, -5.977174568835841e-8, -4.574946736829813e-7, 2.3441015890040072e-7, 1.0439952312258417e-6, 1.3063760773621733e-7, 1.4974098060395044e-6, -3.182049651233605e-7, 1.1520871562828518e-6, -6.167131471325792e-7, -2.0577409611089192e-7, -7.428607918324776e-7, -1.2186389467817323e-6, -5.340297621041437e-7, -5.682163746868546e-7, -5.25779637730455e-7, 1.086903230217151e-6, -5.367091579913131e-7, 1.6611947972521947e-8, -7.857011109014425e-7, -3.891105000026696e-7, -2.7520582203151055e-7, 1.34747003223635e-6, 2.739899290660809e-7, 1.30532126401772e-6, -4.769444475277594e-7, 1.42942489778447e-7, -1.0666330040090295e-6, -8.105393195922058e-7, -5.051011698454718e-7, -2.3592506571538827e-7, 1.4521950166512057e-7, 9.50725345875289e-7, -6.059901101245118e-8, 9.79194018334295e-7, -8.506643694138061e-7, 3.508654618102682e-8, -8.543552807857474e-7, -1.5929571590595692e-7, -6.195616429634283e-7, 6.239318216177888e-7, -4.349492084163591e-7, -1.663353644551906e-7, -7.943788869497046e-7, -5.469405074588762e-7, -3.5068038904211416e-7]
 
T = 28, number of trajectories = 1, order = 1
status = Global optimum!
optimum = 2.3669704022772525e-8
G = [9.999999838536963e-11, 9.999999839179091e-11, 9.999999838415277e-11, 9.999999839174411e-11]
Fdash = [4.0635173267155267e-10, 4.080094156483823e-10]
ms = [1.0000000029090022e-10, 1.0000000029090324e-10, 6.605366141203094e-12, 6.632731501710094e-12, -1.4294152313711877e-12, -1.4354495129709209e-12, 5.6850325228447126e-12, 5.763135538743851e-12, 5.685045804607076e-12, 5.7631488441311744e-12, 5.774495249230737e-13, 6.070737021007616e-13, -8.286006556957766e-12, -8.343280222629752e-12, 3.1006305397953513e-12, 3.1162789911506832e-12, 4.543785225195192e-12, 4.562585993465e-12, -7.449092842610707e-12, -7.424203093629485e-12, 5.774364035347589e-13, 5.798330447488109e-13, 1.037679713394529e-12, 1.042076889195551e-12, -1.0819969471835973e-12, -1.0864019674233322e-12, -6.217404123843385e-13, -5.969174816511083e-13, -7.200243675035907e-12, -7.276589545282827e-12, 3.1610087214188307e-12, 3.1748504198281116e-12, -1.0908400841322954e-12, -1.1505296086653639e-12, 8.152744550134402e-12, 8.185947659361243e-12, -3.8388675131531956e-12, -3.8544750906100896e-12, -2.745567552259617e-12, -2.7567610744860646e-12, 4.132608928621611e-12, 4.149408444249088e-12, -4.548540703536723e-13, -4.296312979657354e-13, -2.9496660187494396e-12, -3.0035756248528066e-12, -5.393148285711808e-12, -5.46182946124964e-12, -1.0821521823091578e-12, -1.086544210174103e-12, -8.940350171417177e-12, -8.9767753978644e-12, 6.349509271799043e-14, 6.389101478232931e-14, 7.579278675300831e-12, 7.610570247712152e-12, 1.6018842777497383e-12, 1.6082856787290378e-12]
fs = [0.0033037936351333268, -0.0007287780106765486, 0.0028179415948481326, 0.002817941594848167, 0.0002915112042706219, -0.004129741894662944, 0.0015547263697086196, 0.0022835042808826748, -0.0036438899538802053, 0.0002915112042706154, 0.0005344372144629731, -0.0005344372144629816, -0.00029151120427061333, -0.0035953047797024572, 0.001603311543886382, -0.0005830223886407111, 0.004032571645809875, -0.0018948227879580176, -0.0013603855734950873, 0.0020405783104913058, -0.00024292599029186762, -0.0014575560213530687, -0.0026721859728123143, -0.0005344372144629791, -0.004421253337739484, 4.858520004842109e-5, 0.003789645575916002, 0.0007773631848542901]
process noise = [0.003303792973226313, -0.0007287778646676747, 0.002817941030280365, 0.0028179410302805012, 0.0002915111458670672, -0.0041297410672790635, 0.0015547260582229893, 0.0022835038233882106, -0.003643889223835776, 0.0002915111458670634, 0.0005344371073897848, -0.0005344371073897924, -0.0002915111458670657, -0.003595304059391937, 0.0016033112226668442, -0.0005830222718336127, 0.004032570837893781, -0.0018948224083349086, -0.0013603853009451889, 0.0020405779016664034, -0.00024292594162223828, -0.001457555729335258, -0.0026721854374464464, -0.0005344371073898026, -0.004421252451951826, 4.858519031449512e-5, 0.003789644816669648, 0.0007773630291114793, 6.6053658860314905e-12, 6.632731246538118e-12, -1.429415391088665e-12, -1.4354496726883165e-12, 5.68503229490703e-12, 5.763135310805855e-12, 5.68504557523809e-12, 5.763148614761874e-12, 5.774493445510455e-13, 6.070735217284298e-13, -8.286006652384214e-12, -8.343280278318723e-12, 3.100630236613508e-12, 3.1162787858134844e-12, 4.543785003490048e-12, 4.5625857717596e-12, -7.449092945582951e-12, -7.424203196602142e-12, 5.774362257948797e-13, 5.798328670088989e-13, 1.0376795273032002e-12, 1.0420767031041623e-12, -1.0819971127261024e-12, -1.086402132965777e-12, -6.21740577314783e-13, -5.96917646581791e-13, -7.2002437769781105e-12, -7.276590047545604e-12]
observation noise = [0.0007773630291114793, 6.6053658860314905e-12, 6.632731246538118e-12, -1.429415391088665e-12, -1.4354496726883165e-12, 5.68503229490703e-12, 5.763135310805855e-12, 5.68504557523809e-12, 5.763148614761874e-12, 5.774493445510455e-13, 6.070735217284298e-13, -8.286006652384214e-12, -8.343280278318723e-12, 3.100630236613508e-12, 3.1162787858134844e-12, 4.543785003490048e-12, 4.5625857717596e-12, -7.449092945582951e-12, -7.424203196602142e-12, 5.774362257948797e-13, 5.798328670088989e-13, 1.0376795273032002e-12, 1.0420767031041623e-12, -1.0819971127261024e-12, -1.086402132965777e-12, -6.21740577314783e-13, -5.96917646581791e-13, -7.2002437769781105e-12, -7.276590047545604e-12, 3.161008182943302e-12, 3.174850214274839e-12, -1.0908402499071174e-12, -1.1505297744401233e-12, 8.152744294166422e-12, 8.185947403392807e-12, -3.83886765215062e-12, -3.854475229607301e-12, -2.745567695802373e-12, -2.7567612180286676e-12, 4.132608715029804e-12, 4.149408230657052e-12, -4.548542434588959e-13, -4.296314710712026e-13, -2.949666162971158e-12, -3.0035758802266324e-12, -5.393148350881894e-12, -5.4618295839351784e-12, -1.0821523465581895e-12, -1.0865443744230745e-12, -8.94035025956553e-12, -8.976775486012257e-12, 6.349492222692605e-14, 6.389084429125943e-14, 7.579278426232585e-12, 7.610569998643756e-12, 1.6018840900569994e-12, 1.6082854910362117e-12]
 
T = 28, number of trajectories = 1000, order = 1
status = Global optimum!
optimum = 0.17640529476178773
G = [-0.4517463770817647, 0.41198179046790423, 0.2505763692980693, -0.582586172086321]
Fdash = [0.000743794743795579, 0.0005296171779306571]
ms = [2.0058460538353797, 2.313124621815173, 0.04683128886449614, -0.8449770269709664, -0.36927285629519246, 0.5040050986555956, 0.3744564339806404, -0.3861591125237194, -0.3282511012073527, 0.31879985873702293, 0.2796239797515826, -0.26798203422371464, -0.23672447954356035, 0.2261884728066751, 0.20012355370236076, -0.19109303684053647, -0.16913336221715988, 0.16147318024189314, 0.14292806982630238, -0.13645380900380993, -0.12078469903493219, 0.11530959956821231, 0.10206721757517404, -0.09744555768888526, -0.08625701054245191, 0.08234384466282252, 0.07288823241188694, -0.06958818698991623, -0.061597920814043104, 0.058803766250106304, 0.05205037036846714, -0.049695330507101704, -0.04398945486188135, 0.041992525346218536, 0.03717007998975913, -0.03548876450594762, -0.03141438586054407, 0.02998734001048105, 0.02654351221923382, -0.025343510633656353, -0.022434255046216187, 0.021413959976731223, 0.018954389075408792, -0.018099043860052032, -0.01602120296694457, 0.015292241121685132, 0.013535444763924856, -0.012925749747957833, -0.011442390197187081, 0.010919915762181551, 0.009665602070021711, -0.009230988720095467, -0.008171724321401631, 0.007798105358696205, 0.006901847046513721, -0.006592910411251522, -0.005836627600574334, 0.005568538829825889]
fs = [-0.0005158040107476237, -0.0006678155551250695, -0.0005968177636662309, -0.000523659580742613, -0.0006017986999107375, -0.0005738927716809479, -0.00043127193349917965, -0.0005085685345261772, -0.0003862616712183472, -0.0004297705760693708, -0.0007827337241294909, -0.0008949301054812814, -0.0007197076768734625, -0.0006482396671026916, -0.0007862506817648673, -0.0007736586242519113, -0.0007117512957462948, -0.0007432430419004025, -0.0006914912309788559, -0.0007370913335748737, -0.0007783430153964455, -0.0007087752591178055, -0.0007751210777454817, -0.0008978565150812856, -0.0007860081749073044, -0.0007565701374010542, -0.0008302883788661498, -0.0006959839277557105]
process noise = [-0.00010312247246462517, -0.0006600821052049177, -0.0006708200018824834, -0.0004483500118527941, -0.0006678536692097143, -0.0005176116470513527, -0.00047891663223818945, -0.00046828699998290507, -0.0004203025431473316, -0.00040100150012532083, -0.0008070419460956728, -0.0008743833097010762, -0.0007370664641123327, -0.0006335669389627219, -0.0007986459739640952, -0.0007631794661367958, -0.0007206027502536797, -0.000735759007158687, -0.0006978117953617561, -0.0007317460624836154, -0.0007828556329069985, -0.0007049578094723152, -0.0007783429722589704, -0.0008951291093847944, -0.0007883085067790023, -0.0007546220573576949, -0.0008319302232797039, -0.000694591873899521, -2.4644458447282113e-7, -2.295130164295738e-7, -1.841148780620949e-6, -1.6468338210234086e-6, -2.163152630480232e-6, -1.6593018390702999e-6, -1.2417861168054834e-6, -1.0343989450108281e-6, -2.002395604334348e-6, -1.675655879641506e-6, -1.6414949781771532e-6, -1.3162664069525918e-6, -1.4043470217237552e-6, -1.1997497075843485e-6, -1.4203481617421731e-6, -1.2140206576265365e-6, -1.3237620449504888e-6, -9.43278475799982e-7, -9.767038894780424e-7, -8.994201819495663e-7, -2.2879622913511875e-6, -1.988189607472572e-6, -2.7194020379322155e-6, -2.2225180633177706e-6, -2.22420795564444e-6, -1.8332644950564928e-6, -1.8599686536684567e-6, -1.417817642323814e-6]
observation noise = [-0.000694591873899521, -2.4644458447282113e-7, -2.295130164295738e-7, -1.841148780620949e-6, -1.6468338210234086e-6, -2.163152630480232e-6, -1.6593018390702999e-6, -1.2417861168054834e-6, -1.0343989450108281e-6, -2.002395604334348e-6, -1.675655879641506e-6, -1.6414949781771532e-6, -1.3162664069525918e-6, -1.4043470217237552e-6, -1.1997497075843485e-6, -1.4203481617421731e-6, -1.2140206576265365e-6, -1.3237620449504888e-6, -9.43278475799982e-7, -9.767038894780424e-7, -8.994201819495663e-7, -2.2879622913511875e-6, -1.988189607472572e-6, -2.7194020379322155e-6, -2.2225180633177706e-6, -2.22420795564444e-6, -1.8332644950564928e-6, -1.8599686536684567e-6, -1.417817642323814e-6, -2.348137277141135e-6, -2.0861015802205352e-6, -2.3173351075119507e-6, -1.8798046744115818e-6, -2.1526973666022e-6, -1.7820651884771317e-6, -2.212103662635791e-6, -1.867105415906429e-6, -2.0608514706728567e-6, -1.598290011234761e-6, -2.2546398219556365e-6, -1.995757298506128e-6, -2.3659730749290217e-6, -2.0727413316061636e-6, -2.149842939336126e-6, -1.5335279893933695e-6, -2.2005430733692973e-6, -2.166708145184372e-6, -2.628508740622711e-6, -2.109887613841921e-6, -2.2627218952566204e-6, -2.0042258120076917e-6, -2.324317753114717e-6, -1.7124793954455948e-6, -2.3772415682941245e-6, -2.2010662633546367e-6, -2.584145188100709e-6, -1.839368890995919e-6]
 
T = 29, number of trajectories = 1, order = 1
status = Global optimum!
optimum = 1.2780956329023695e-8
G = [9.999999834268835e-11, 9.999999834125834e-11, 9.999999834437593e-11, 9.99999983407081e-11]
Fdash = [4.711262785351795e-10, 4.700836357795644e-10]
ms = [1.0000000033416801e-10, 1.0000000033145382e-10, 7.698884840345523e-12, 7.681835961181363e-12, -1.699023921179798e-12, -1.6955190952627755e-12, 6.566747831285831e-12, 6.552241288334188e-12, 6.566564569852102e-12, 6.552044946921696e-12, 6.44491728213611e-13, 6.42989922905656e-13, -9.69390782354475e-12, -9.66281262377839e-12, 3.575008471940851e-12, 3.549008802768767e-12, 5.3213687767367175e-12, 5.294614525833618e-12, -8.508147625615868e-12, -8.489371738508311e-12, 6.4450483895783e-13, 6.430030086717403e-13, 1.3193150994340078e-12, 1.3165615617473645e-12, -1.3108592401517196e-12, -1.308105250299129e-12, -6.907654111623349e-13, -6.892631135237235e-13, -8.439859820875627e-12, -8.394453374471007e-12, 3.8073953028637815e-12, 3.771015759971614e-12, -1.3667009839342178e-12, -1.3761940618768149e-12, 9.457016273794967e-12, 9.38116102446846e-12, -4.466293905799649e-12, -4.456535008245874e-12, -3.206056636613128e-12, -3.1990632646797568e-12, 4.794938418588643e-12, 4.784429429104368e-12, -6.157526776064527e-13, -6.145012431586038e-13, -3.4026672577828706e-12, -3.423167272208143e-12, -6.28310418554728e-12, -6.277745099378433e-12, -1.3105083300802786e-12, -1.3627866676695018e-12, -1.033510167102745e-11, -1.0311925386666325e-11, 1.7885156125155876e-14, 1.7635216007548747e-14, 8.78197915378264e-12, 8.762462212783976e-12, 1.7763111330493056e-12, 1.7721674247613075e-12, 2.904405160974386e-12, 2.8978994053671582e-12]
fs = [0.003303793635133243, -0.0007287780106765444, 0.002817941594848101, 0.002817941594848059, 0.0002915112042706457, -0.004129741894662853, 0.0015547263697085585, 0.0022835042808826284, -0.0036438899538801207, 0.0002915112042706459, 0.0005344372144629372, -0.0005344372144629828, -0.00029151120427065285, -0.0035953047797023362, 0.0016033115438863846, -0.0005830223886406919, 0.004032571645809759, -0.0018948227879579263, -0.0013603855734949945, 0.0020405783104912455, -0.00024292599029184444, -0.0014575560213530338, -0.002672185972812258, -0.0005344372144629497, -0.004421253337739417, 4.8585200048442394e-5, 0.003789645575915936, 0.0007773631848542807, 0.0012632151256369802]
process noise = [0.0033037929732416056, -0.0007287778646715527, 0.002817941030293798, 0.00281794103029375, 0.0002915111458686676, -0.004129741067297798, 0.0015547260582308043, 0.0022835038233992855, -0.0036438892238523416, 0.00029151114586866783, 0.0005344371073926188, -0.0005344371073926642, -0.0002915111458686748, -0.0035953040594083265, 0.0016033112226749378, -0.0005830222718366964, 0.004032570837912059, -0.0018948224083442616, -0.0013603853009519977, 0.0020405779016764553, -0.00024292594162353385, -0.0014575557293426515, -0.002672185437459144, -0.0005344371073926308, -0.0044212524519716065, 4.858519031479704e-5, 0.0037896448166869472, 0.0007773630291156143, 0.0012632148725613879, 7.698884584970462e-12, 7.68183570580644e-12, -1.6990240809144085e-12, -1.6955192549974165e-12, 6.566747603006028e-12, 6.552241060054502e-12, 6.566564339920946e-12, 6.5520447169906584e-12, 6.444915474820757e-13, 6.429897421741329e-13, -9.693907918391475e-12, -9.662812718625384e-12, 3.5750082666777956e-12, 3.5490086079409206e-12, 5.321368360839182e-12, 5.2946143038385315e-12, -8.508147728536439e-12, -8.489371841429034e-12, 6.445046612379077e-13, 6.430028309518301e-13, 1.319314912941992e-12, 1.316561375255371e-12, -1.310859405554348e-12, -1.3081054157017796e-12, -6.90765575853603e-13, -6.892632782150037e-13, -8.439859922404137e-12, -8.394453475999935e-12, 3.807395097346017e-12]
observation noise = [0.0012632148725613879, 7.698884584970462e-12, 7.68183570580644e-12, -1.6990240809144085e-12, -1.6955192549974165e-12, 6.566747603006028e-12, 6.552241060054502e-12, 6.566564339920946e-12, 6.5520447169906584e-12, 6.444915474820757e-13, 6.429897421741329e-13, -9.693907918391475e-12, -9.662812718625384e-12, 3.5750082666777956e-12, 3.5490086079409206e-12, 5.321368360839182e-12, 5.2946143038385315e-12, -8.508147728536439e-12, -8.489371841429034e-12, 6.445046612379077e-13, 6.430028309518301e-13, 1.319314912941992e-12, 1.316561375255371e-12, -1.310859405554348e-12, -1.3081054157017796e-12, -6.90765575853603e-13, -6.892632782150037e-13, -8.439859922404137e-12, -8.394453475999935e-12, 3.807395097346017e-12, 3.771015485154979e-12, -1.3667010729189384e-12, -1.3761942277731695e-12, 9.45701602422386e-12, 9.381160774898069e-12, -4.46629404484714e-12, -4.456535147293444e-12, -3.2060567798371773e-12, -3.1990634079038625e-12, 4.79493820469476e-12, 4.78442921521057e-12, -6.15752850647309e-13, -6.145014161994703e-13, -3.4026674017737085e-12, -3.4231674161993116e-12, -6.283104307557852e-12, -6.2777453611586395e-12, -1.310508482184576e-12, -1.3627868315524826e-12, -1.0335101758340389e-11, -1.031192547397945e-11, 1.788498610008332e-14, 1.763504598247816e-14, 8.781978904324354e-12, 8.762461963325852e-12, 1.7763109449263785e-12, 1.7721672366384128e-12, 2.90440496017229e-12, 2.897899204565115e-12]
 
T = 29, number of trajectories = 1000, order = 1
status = Global optimum!
optimum = 0.18296907428345882
G = [-29.13776268591175, -12.245885366612251, 68.21954616770955, 28.670998222062803]
Fdash = [885.7220715657583, -2032.4416138969334]
ms = [-5.197802508664092, 12.367610143161919, -8.671860139061793e-8, 2.160021392851317e-7, -1.1366718878479805e-7, 2.7909406177635255e-7, -1.0163502032004673e-7, 2.4940615533882814e-7, -8.844105268372884e-8, 2.191434556628132e-7, -1.0224736703514282e-7, 2.515897842287451e-7, -9.809886864182398e-8, 2.396557307125808e-7, -7.277429602783909e-8, 1.8051680014748158e-7, -8.691192524300558e-8, 2.1238630609331458e-7, -6.531085241336932e-8, 1.6161884363082985e-7, -7.110039108244759e-8, 1.8050151688510128e-7, -1.322237672308598e-7, 3.2756061236016905e-7, -1.5273515492752736e-7, 3.7382990713850904e-7, -1.224743623876027e-7, 3.007938664297332e-7, -1.0927145528358911e-7, 2.71375915211919e-7, -1.3346147450697164e-7, 3.2875098626655264e-7, -1.3157787387305015e-7, 3.2337355326568696e-7, -1.2059511247045193e-7, 2.976968568549258e-7, -1.2636540394926092e-7, 3.106779274380142e-7, -1.1708513095564048e-7, 2.8925636827315065e-7, -1.2484377854043163e-7, 3.0831396992695033e-7, -1.3241241715335406e-7, 3.253162062748937e-7, -1.1991060645298594e-7, 2.965296753684702e-7, -1.3087739840195896e-7, 3.243995495977608e-7, -1.5290640014367998e-7, 3.7519674302265746e-7, -1.3350656780460798e-7, 3.28611212762612e-7, -1.279818301992752e-7, 3.1653215396211753e-7, -1.4155819480709954e-7, 3.46892474647925e-7, -1.1768359972716864e-7, 2.9120580221228783e-7, -1.3707089493292988e-7, 3.20907667268928e-7]
fs = [-0.0005158203158399997, -0.0006679199232679989, -0.000596923829622, -0.0005237304711039977, -0.0006019042968479984, -0.0005739746132679987, -0.00043134765686799836, -0.0005086425772019994, -0.00038632812688599874, -0.00042983397997399905, -0.0007828613286659976, -0.0008950683576219989, -0.000719824217313998, -0.0006483398428319988, -0.0007863769587819995, -0.0007737792935199985, -0.0007118652330460003, -0.0007433593756139982, -0.0006916015647119982, -0.0007372070327859996, -0.0007784667957399985, -0.0007088867227339969, -0.0007752441445759977, -0.0008979980474199973, -0.000786132817425998, -0.0007566894536259974, -0.0008304199185839987, -0.0006960937523739981, -0.0007736328141939991]
process noise = [8.507329708506862e-17, -2.6911358844893156e-15, -7.823223034156644e-15, -7.230028056426679e-15, -7.63542088800311e-15, -7.178533498010494e-15, -6.2233059726505944e-15, -6.09182496388655e-15, -5.50378996245855e-15, -6.518251735588173e-15, -9.681987948117661e-15, -1.1140338949786813e-14, -9.609577250569748e-15, -9.143204097716298e-15, -9.663057646581659e-15, -1.0043783464740118e-14, -9.696235375733637e-15, -9.543123991964605e-15, -9.37222103701965e-15, -9.770277074837315e-15, -9.727854887785613e-15, -9.524657193739104e-15, -1.0366290353483961e-14, -1.1231475663812378e-14, -1.0594719684799109e-14, -1.0079560628005843e-14, -1.0215492518798723e-14, -9.84141329188679e-15, -6.671861136631883e-15, 9.075520953672076e-15, -8.138155123974587e-15, 4.68422006875284e-9, 2.0007415374017935e-9, 4.111294707716703e-9, 1.8248394195142818e-9, 4.341032658372871e-9, 1.9149803517060274e-9, 4.3838650630426346e-9, 1.9366332223710173e-9, 3.5812725034669873e-9, 1.5944503821767083e-9, 3.6407554869547285e-9, 1.6080692913187967e-9, 3.1959488162739137e-9, 1.4188977064441225e-9, 3.1284531360613318e-9, 1.3835358790325372e-9, 5.0533226688332566e-9, 2.2046499602951455e-9, 6.47079480678016e-9, 2.8383546592982587e-9, 5.8298036406295344e-9, 2.5855656169795617e-9, 5.043128965665216e-9, 2.2402165190211733e-9, 5.586845635055873e-9, 2.4609248600074057e-9, 5.851142038750515e-9]
observation noise = [-6.671861136631883e-15, 9.075520953672076e-15, -8.138155123974587e-15, 4.68422006875284e-9, 2.0007415374017935e-9, 4.111294707716703e-9, 1.8248394195142818e-9, 4.341032658372871e-9, 1.9149803517060274e-9, 4.3838650630426346e-9, 1.9366332223710173e-9, 3.5812725034669873e-9, 1.5944503821767083e-9, 3.6407554869547285e-9, 1.6080692913187967e-9, 3.1959488162739137e-9, 1.4188977064441225e-9, 3.1284531360613318e-9, 1.3835358790325372e-9, 5.0533226688332566e-9, 2.2046499602951455e-9, 6.47079480678016e-9, 2.8383546592982587e-9, 5.8298036406295344e-9, 2.5855656169795617e-9, 5.043128965665216e-9, 2.2402165190211733e-9, 5.586845635055873e-9, 2.4609248600074057e-9, 5.851142038750515e-9, 2.581692247027652e-9, 5.500246210118173e-9, 2.435832255472307e-9, 5.515487783739068e-9, 2.437127444449657e-9, 5.324410850473385e-9, 2.3557166153825145e-9, 5.4360024023551335e-9, 2.4005717820941783e-9, 5.757789059226414e-9, 2.539646228226719e-9, 5.496723571943017e-9, 2.432836552986636e-9, 5.672775806423378e-9, 2.5043088245890695e-9, 6.46421960658371e-9, 2.8449072375092127e-9, 6.178721623585903e-9, 2.7345558599894165e-9, 5.759336631534517e-9, 2.5512845769443746e-9, 6.070721772077135e-9, 2.6781231348260347e-9, 5.554081003020374e-9, 2.4620250823073273e-9, 5.632792814588966e-9, 2.4880843958162393e-9, -3.482382437269107e-11, 6.839455644569948e-11]
 
T = 30, number of trajectories = 1, order = 1
status = Global optimum!
optimum = 2.022387381293906e-9
G = [9.999999825725205e-11, 9.999999827112144e-11, 9.999999825864797e-11, 9.999999827311487e-11]
Fdash = [4.474047572893217e-10, 4.47148417871441e-10]
ms = [1.0000000031951295e-10, 1.0000000031951295e-10, 7.374015331640826e-12, 7.376364967199109e-12, -1.6587073958394544e-12, -1.6577196779716332e-12, 6.278011177881281e-12, 6.274388201154498e-12, 6.278173625461517e-12, 6.274571348803591e-12, 6.172300144962827e-13, 6.168524165704019e-13, -9.2243516111652e-12, -9.21908597740195e-12, 3.450490773910007e-12, 3.474081192161192e-12, 5.021028929625718e-12, 5.017337528570258e-12, -8.152503638240007e-12, -8.117228052402583e-12, 6.17230007676193e-13, 6.168523674064115e-13, 1.1201655033510586e-12, 1.1194778312656903e-12, -1.1733264029061248e-12, -1.1726497744976765e-12, -6.703903462997426e-13, -6.700238143153234e-13, -7.941757143068587e-12, -7.937173664343356e-12, 3.5161992430008204e-12, 3.5397277765675717e-12, -1.3217558474425995e-12, -1.3150336877245305e-12, 8.94314005673587e-12, 8.926403030998438e-12, -4.240239756518762e-12, -4.238034731795168e-12, -3.1268616580252566e-12, -3.1251331568188378e-12, 4.55331103133869e-12, 4.55070387452913e-12, -6.048858472303413e-13, -6.045819171659544e-13, -3.203152198402467e-12, -3.2012867246540112e-12, -5.965230776787294e-12, -5.936236310388332e-12, -1.1478829257160537e-12, -1.1998237464563776e-12, -9.892539228980218e-12, -9.889836872239278e-12, 1.160462380234427e-14, 1.1523827349648457e-14, 8.428383886162772e-12, 8.423546961380927e-12, 1.7254408808956996e-12, 1.7244572060478748e-12, 2.7734017526028883e-12, 2.7715144939187587e-12, -1.4855844668435502e-12, -1.4847304456331982e-12]
fs = [0.0033037936351329755, -0.0007287780106764413, 0.0028179415948478394, 0.0028179415948478208, 0.00029151120427058633, -0.004129741894662483, 0.0015547263697084739, 0.0022835042808824106, -0.0036438899538798497, 0.00029151120427058633, 0.0005344372144629207, -0.000534437214462912, -0.00029151120427057945, -0.003595304779702045, 0.001603311543886232, -0.000583022388640664, 0.004032571645809431, -0.0018948227879578062, -0.001360385573494882, 0.0020405783104910763, -0.00024292599029180386, -0.0014575560213528822, -0.0026721859728120597, -0.0005344372144629122, -0.004421253337739026, 4.8585200048404637e-5, 0.003789645575915615, 0.0007773631848542384, 0.0012632151256368558, -0.0006801927767971918]
process noise = [0.003303792973297352, -0.000728777864684178, 0.0028179410303414447, 0.0028179410303414334, 0.0002915111458739238, -0.0041297410673669524, 0.0015547260582574828, 0.002283503823438057, -0.0036438892239136805, 0.0002915111458739238, 0.0005344371074020454, -0.0005344371074020365, -0.00029151114587391684, -0.0035953040594688223, 0.0016033112227023766, -0.0005830222718469503, 0.004032570837979763, -0.0018948224083766224, -0.0013603853009754021, 0.0020405779017112044, -0.00024292594162797553, -0.0014575557293676246, -0.0026721854375043887, -0.0005344371074020367, -0.004421252452045745, 4.858519031568876e-5, 0.003789644816750649, 0.0007773630291291183, 0.0012632148725831261, -0.0006801926405377867, 7.374015051686678e-12, 7.376364712019697e-12, -1.6587075553190774e-12, -1.6577198374512705e-12, 6.278010949982275e-12, 6.2743879732555475e-12, 6.2781733959756294e-12, 6.274571119317758e-12, 6.172298340143338e-13, 6.168522360884588e-13, -9.224351706395397e-12, -9.21908607263223e-12, 3.4504905685569086e-12, 3.4740809868078694e-12, 5.021028707845579e-12, 5.017337335479084e-12, -8.152503766500182e-12, -8.117228155461846e-12, 6.172298300764917e-13, 6.16852189806716e-13, 1.1201653170581777e-12, 1.1194776449728202e-12, -1.1733265682715752e-12, -1.1726499398631375e-12, -6.703905114029442e-13, -6.700239794185308e-13, -7.941757245183179e-12, -7.93717376645802e-12, 3.5161990373907235e-12, 3.5397275709572514e-12]
observation noise = [-0.0006801926405377867, 7.374015051686678e-12, 7.376364712019697e-12, -1.6587075553190774e-12, -1.6577198374512705e-12, 6.278010949982275e-12, 6.2743879732555475e-12, 6.2781733959756294e-12, 6.274571119317758e-12, 6.172298340143338e-13, 6.168522360884588e-13, -9.224351706395397e-12, -9.21908607263223e-12, 3.4504905685569086e-12, 3.4740809868078694e-12, 5.021028707845579e-12, 5.017337335479084e-12, -8.152503766500182e-12, -8.117228155461846e-12, 6.172298300764917e-13, 6.16852189806716e-13, 1.1201653170581777e-12, 1.1194776449728202e-12, -1.1733265682715752e-12, -1.1726499398631375e-12, -6.703905114029442e-13, -6.700239794185308e-13, -7.941757245183179e-12, -7.93717376645802e-12, 3.5161990373907235e-12, 3.5397275709572514e-12, -1.3217560132885575e-12, -1.315033894325332e-12, 8.943139616506701e-12, 8.926402781806165e-12, -4.240239895665046e-12, -4.238034870941489e-12, -3.1268618012942397e-12, -3.125133300087848e-12, 4.55331081781761e-12, 4.55070366100809e-12, -6.048860204169314e-13, -6.045820903525492e-13, -3.2031523425888606e-12, -3.2012868688404337e-12, -5.965230899035802e-12, -5.9362364326371475e-12, -1.1478830896676477e-12, -1.1998236911839475e-12, -9.892539298835754e-12, -9.889836960168598e-12, 1.1604453498342009e-14, 1.1523657045647154e-14, 8.428383637097048e-12, 8.423546712315275e-12, 1.7254406928433557e-12, 1.7244570179955463e-12, 2.7734015520048943e-12, 2.771514293320789e-12, -1.4855846255972216e-12, -1.4847306043868831e-12]
 
T = 30, number of trajectories = 1000, order = 1
status = Global optimum!
optimum = 0.18911451541954113
G = [-0.5494022771359144, -2.6908049010121395, 0.17133726086594253, -1.074619533576346]
Fdash = [6.231344062140574e-6, -0.00016032081844983827]
ms = [-0.5086877342223279, -0.03695913234801181, 0.37892405635888815, -0.047440249488099696, -0.08052929647503003, 0.11590455519864096, -0.26763354105181636, -0.1383510893666668, 0.5193142986738729, 0.10281973562050116, -0.5619803721237409, -0.021514218141086054, 0.3666439958343528, -0.07316843360217848, -0.0045531865603804155, 0.14144861654598026, -0.37810901472580327, -0.1527840329865551, 0.6188459839176376, 0.09940133822785141, -0.6074650673728028, -0.0007875387224011132, 0.335861937881381, -0.10323480932766087, 0.09326133094140154, 0.16848431994290824, -0.5045963259371364, -0.16507739393214613, 0.7214173849650566, 0.09093985044177585, -0.641049702706223, 0.025879765934417247, 0.2825567862631083, -0.13764589973356423, 0.21514089880578519, 0.19632943573339098, -0.6464830286932579, -0.17411739410522334, 0.8236951174368426, 0.07634363271586969, -0.6579656924778264, 0.05908930657598383, 0.20248999342529544, -0.17623191234721028, 0.36295729949705063, 0.22407615606729964, -0.802354780765788, -0.17860781430725678, 0.9214143077339487, 0.054462168779185416, -0.6527740953784984, 0.09934695449978423, 0.09131221445957567, -0.21860435706090378, 0.5380546471927411, 0.25056173670946835, -0.9698212463833081, -0.17706911378855505, 1.0092804799284378, 0.024115313166095418, -0.619390572976851, 0.14701317584569287]
fs = [-0.0005157371947304636, -0.0006678173494734147, -0.000596826219746896, -0.0005236497695162096, -0.0006018091508017752, -0.0005738816586276128, -0.0004312830550887822, -0.0005085586666389385, -0.0003862689623939562, -0.00042976660645652204, -0.0007827346196494593, -0.0008949310356150116, -0.0007197067343084501, -0.0006482389417003065, -0.0007862539287475277, -0.0007736532006362061, -0.0007117574590858584, -0.000743238082616348, -0.0006914933536883632, -0.0007370926343278209, -0.00077833906272893, -0.0007087799772666415, -0.0007751178506921485, -0.0008978565565577585, -0.0007860116995578693, -0.0007565641989666593, -0.0008302944588536404, -0.0006959801752591484, -0.0007735101283961167, -0.0007908949097650929]
process noise = [-0.000525704055603658, -0.0006487336388022402, -0.0006173390547228598, -0.0005104016568859535, -0.0006017564330694082, -0.0005878967655556411, -0.0004085775269292391, -0.0005306969982483679, -0.00037418910290522154, -0.00042610753855365377, -0.0008013781844003174, -0.0008685006296771282, -0.0007430277684625943, -0.000638154788717031, -0.0007781102597050459, -0.0007974814187090638, -0.00068162237252581, -0.000767124273945629, -0.0006843866045500067, -0.0007235193774491663, -0.0008078544942833986, -0.0006751176137691958, -0.0007987526549090452, -0.0008948667848284675, -0.0007660166575743378, -0.000792180021145167, -0.0007934770060235367, -0.000718324745885366, -0.0007759331157106328, -0.0007634660074624495, 3.795141325208731e-8, -9.101389627969882e-8, -2.128428218173056e-8, 5.259456594630145e-7, 4.2370883275680586e-8, -1.2121027315006893e-7, 1.3981472286916863e-8, 5.507313829446452e-7, -5.207309542091716e-8, -1.1846329350849796e-8, 1.3073040638112655e-7, 1.4549993606905723e-7, -1.2098389353675472e-7, 6.101493276403978e-7, 8.830014445534052e-8, -4.557229372138989e-7, 2.265313234468697e-9, 7.943931893396815e-7, -6.358090942864929e-8, -2.9429681258261696e-7, 1.2852510247019595e-7, 2.8655647755362955e-7, -7.725788478765445e-8, 5.127792750225877e-7, 8.140234935075097e-8, 6.973890107758729e-9, -3.327888776770019e-8, 6.096583671437276e-7, 3.928945831318479e-8, -1.7188714093487316e-7]
observation noise = [-0.0007634660074624495, 3.795141325208731e-8, -9.101389627969882e-8, -2.128428218173056e-8, 5.259456594630145e-7, 4.2370883275680586e-8, -1.2121027315006893e-7, 1.3981472286916863e-8, 5.507313829446452e-7, -5.207309542091716e-8, -1.1846329350849796e-8, 1.3073040638112655e-7, 1.4549993606905723e-7, -1.2098389353675472e-7, 6.101493276403978e-7, 8.830014445534052e-8, -4.557229372138989e-7, 2.265313234468697e-9, 7.943931893396815e-7, -6.358090942864929e-8, -2.9429681258261696e-7, 1.2852510247019595e-7, 2.8655647755362955e-7, -7.725788478765445e-8, 5.127792750225877e-7, 8.140234935075097e-8, 6.973890107758729e-9, -3.327888776770019e-8, 6.096583671437276e-7, 3.928945831318479e-8, -1.7188714093487316e-7, 1.8590768293048508e-8, 7.014667509758504e-7, -9.186379412052398e-9, -4.226972006452428e-8, 6.189594785734558e-8, 4.0053131547213956e-7, -5.2319340437969155e-8, 3.104598226263027e-7, 9.234246031364552e-8, 1.2408567248188627e-9, -5.8677251991268815e-8, 6.494519834672042e-7, 7.26637256647021e-8, -1.796816208086979e-7, 7.140087151082455e-10, 6.90172783511811e-7, -1.4670243440748293e-8, -6.713666515911353e-9, 9.078910238570969e-8, 4.6115515058683657e-7, -8.136302566023402e-8, 3.462567317459491e-7, 9.838029668907599e-8, 4.0203690866744775e-8, -3.30117245327849e-8, 6.125324415445116e-7, 2.5880171471031e-8, -9.825982085755216e-8, 2.757944722042597e-8, 6.084757532953269e-7]
 
T = 31, number of trajectories = 1, order = 1
status = Global optimum!
optimum = 7.5140835603721e-11
G = [9.999999818713253e-11, 9.999999818125881e-11, 9.999999818887959e-11, 9.999999817984963e-11]
Fdash = [4.0077639031818436e-10, 4.0100053771997796e-10]
ms = [1.0000000028800951e-10, 1.0000000028878499e-10, 6.52310172324777e-12, 6.512410959433167e-12, -1.421187095340509e-12, -1.4485956052281575e-12, 5.622290388812881e-12, 5.6254891403740374e-12, 5.6222902751123726e-12, 5.625489417300085e-12, 5.788537699689753e-13, 5.791347310034257e-13, -8.232666852923273e-12, -8.236921554059632e-12, 3.130933778337905e-12, 3.1326625225925094e-12, 4.5797671058155675e-12, 4.552902059117806e-12, -7.223077448581797e-12, -7.287706236229589e-12, 5.9084766990972e-13, 5.789828813395285e-13, 1.04348221880301e-12, 1.0440744179885582e-12, -1.0420670261775311e-12, -1.0426654767546188e-12, -6.321204784577917e-13, -6.324483263241834e-13, -7.1839406402177756e-12, -7.187948678064055e-12, 3.1903335570410044e-12, 3.1921164073938774e-12, -1.1564039000743009e-12, -1.1486262810516004e-12, 8.026855944525444e-12, 7.96660822341614e-12, -3.764457278322232e-12, -3.7693408748907866e-12, -2.7782668879991553e-12, -2.7797853884700494e-12, 4.006315113929328e-12, 4.0085822277518966e-12, -4.640090633785323e-13, -4.64188657225396e-13, -2.951428991829295e-12, -2.953061511693555e-12, -5.329013182667371e-12, -5.332003548402273e-12, -1.0421153266826782e-12, -1.0172071968577408e-12, -8.73123540750574e-12, -8.740461760791037e-12, 3.123464291326906e-14, 5.959150469209176e-14, 7.481437148639398e-12, 7.540558573919646e-12, 1.508711596715592e-12, 1.5095775173201792e-12, 2.4921450676777484e-12, 2.4935541265884767e-12, -1.3888232719420524e-12, -1.389820699759898e-12, -2.497706683440884e-12, -2.4991190636128162e-12]
fs = [0.0033037936351329737, -0.0007287780106764387, 0.002817941594847837, 0.0028179415948478377, 0.00029151120427058867, -0.004129741894662466, 0.0015547263697084555, 0.0022835042808824215, -0.0036438899538797915, 0.00029151120427058894, 0.000534437214462902, -0.0005344372144628931, -0.00029151120427058194, -0.0035953047797020843, 0.001603311543886187, -0.0005830223886406954, 0.004032571645809376, -0.0018948227879577683, -0.0013603855734949037, 0.0020405783104910555, -0.0002429259902918311, -0.001457556021352918, -0.0026721859728120146, -0.0005344372144628931, -0.004421253337738956, 4.858520004842591e-5, 0.0037896455759156063, 0.0007773631848542071, 0.0012632151256368562, -0.0006801927767971873, -0.0012632151256368428]
process noise = [0.0033037929733003546, -0.0007287778646840481, 0.0028179410303436096, 0.00281794103034361, 0.00029151114587363836, -0.004129741067371309, 0.0015547260582579822, 0.0022835038234394873, -0.003643889223917153, 0.00029151114587363863, 0.000534437107401819, -0.00053443710740181, -0.00029151114587363164, -0.003595304059472348, 0.0016033112227029217, -0.0005830222718467947, 0.00403257083798395, -0.0018948224083775087, -0.0013603853009757784, 0.002040577901712312, -0.00024292594162770916, -0.0014575557293681168, -0.0026721854375063797, -0.0005344371074018099, -0.004421252452050555, 4.858519031560172e-5, 0.003789644816754462, 0.000777363029129002, 0.0012632148725833822, -0.0006801926405376425, -0.0012632148725833688, 6.523101468654772e-12, 6.512410729248689e-12, -1.4211872214875774e-12, -1.4485957647312834e-12, 5.622290161069625e-12, 5.625488912630722e-12, 5.62229004595736e-12, 5.625489188145012e-12, 5.788535896172766e-13, 5.791345506517208e-13, -8.232666948733228e-12, -8.2369216498695e-12, 3.1309335799206094e-12, 3.1326623241751812e-12, 4.5797668842980244e-12, 4.552901837600507e-12, -7.223077552137722e-12, -7.287706147249153e-12, 5.908476382965958e-13, 5.789827035636798e-13, 1.0434820327109929e-12, 1.0440742318965297e-12, -1.0420671917205542e-12, -1.0426656422976305e-12, -6.321206433960638e-13, -6.324484912624493e-13, -7.1839407427350995e-12, -7.187948780581574e-12, 3.190333351477202e-12, 3.1921162018300407e-12, -1.156404066045995e-12]
observation noise = [-0.0012632148725833688, 6.523101468654772e-12, 6.512410729248689e-12, -1.4211872214875774e-12, -1.4485957647312834e-12, 5.622290161069625e-12, 5.625488912630722e-12, 5.62229004595736e-12, 5.625489188145012e-12, 5.788535896172766e-13, 5.791345506517208e-13, -8.232666948733228e-12, -8.2369216498695e-12, 3.1309335799206094e-12, 3.1326623241751812e-12, 4.5797668842980244e-12, 4.552901837600507e-12, -7.223077552137722e-12, -7.287706147249153e-12, 5.908476382965958e-13, 5.789827035636798e-13, 1.0434820327109929e-12, 1.0440742318965297e-12, -1.0420671917205542e-12, -1.0426656422976305e-12, -6.321206433960638e-13, -6.324484912624493e-13, -7.1839407427350995e-12, -7.187948780581574e-12, 3.190333351477202e-12, 3.1921162018300407e-12, -1.156404066045995e-12, -1.148626447023366e-12, 8.026855695888119e-12, 7.966607966430364e-12, -3.764457313756249e-12, -3.769341014047546e-12, -2.778267031558191e-12, -2.7797855320290566e-12, 4.006314900343975e-12, 4.0085820141662296e-12, -4.640092364573238e-13, -4.641888303041824e-13, -2.9514291362402556e-12, -2.9530616561044848e-12, -5.329013305550637e-12, -5.3320036712854825e-12, -1.0421154909508439e-12, -1.0172073611261487e-12, -8.731235495859817e-12, -8.740461864222495e-12, 3.123446313741073e-14, 5.959133415785485e-14, 7.481436899960679e-12, 7.54055832524085e-12, 1.508711409041251e-12, 1.5095773296458217e-12, 2.4921448673176876e-12, 2.493553926228389e-12, -1.388823430640756e-12, -1.3898208584585869e-12, -2.497706834223207e-12, -2.4991192143951123e-12]
 
T = 31, number of trajectories = 1000, order = 1
status = Global optimum!
optimum = 0.19592861555079896
G = [112.00617303292441, 133.87605865121864, -91.42420346079976, -109.25962521447624]
Fdash = [-0.0011911747320601765, -0.001447838357361149]
ms = [-57.0551335481968, 47.30087776447427, -58.072074752249975, 48.14396114692994, -59.107086747060684, 49.00202643984793, -60.16042062906076, 49.87528037482786, -61.23252295404737, 50.76409350628525, -62.3238023220314, 51.66880525546706, -63.43458501969799, 52.589685370228764, -64.56530374045329, 53.52709259088616, -65.71639534504942, 54.481390624354255, -66.88810065184865, 55.45277897639201, -68.0806825288242, 56.44147784460722, -69.29410565131072, 57.44745976750708, -70.52809184856899, 58.47049325101611, -71.78247433358705, 59.510441489052425, -73.05688515594237, 60.56700572164529, -74.35010899632651, 61.639188057064935, -75.6596177124836, 62.72490657950192, -76.9809615277565, 63.82049835690848, -78.30611656995895, 64.91935707857596, -79.62078703729419, 66.00970895483123, -80.89998292118881, 67.07097216721469, -82.10008233840227, 68.06721612238734, -83.14541129382758, 68.9361080708345, -83.90487733389568, 69.56966698021093, -84.15139228385311, 69.78083580264057, -83.49213943690813, 69.24604153423522, -81.24789975110136, 67.40579655539679, -76.24394556220855, 63.292448000242864, -66.44907934625698, 55.23284352797405, -48.35167942565434, 40.33436664235564, -15.880537643730927, 13.595995199449897, 41.46000368588857, -33.62783515404525]
fs = [-0.0005158226658668425, -0.0006678997235120054, -0.0005969163752974624, -0.0005237361365608618, -0.0006018991803484621, -0.0005739755166279147, -0.0004313727411116364, -0.0005086571047666719, -0.0003863636837523928, -0.00042986438265172266, -0.00078283767646959, -0.0008950287521877452, -0.0007198141321920374, -0.0006483429063781575, -0.0007863600800527693, -0.000773766317830421, -0.000711863987946217, -0.0007433551243689225, -0.0006916074957885396, -0.0007372077763818359, -0.0007784630515633519, -0.0007088960091486247, -0.0007752449379358254, -0.0008979813469858903, -0.0007861355389875858, -0.0007566982375332555, -0.0008304178559352433, -0.0006961126710936299, -0.0007736373531703438, -0.000791012034545956, -0.0007189420718606861]
process noise = [1.4862874770839127e-5, -0.00012775447424176082, -4.71452879212035e-5, 3.583149534512506e-5, -3.23595843717829e-5, 5.713349755585319e-6, 0.0001586466865508809, 9.188038643464574e-5, 0.00022488136852127796, 0.00019228341714262458, -0.00014958962463664581, -0.00025048675993425594, -6.378391176221928e-5, 1.9375567148195523e-5, -0.00010675045676364273, -8.206546656245486e-5, -7.874702468755468e-6, -2.6887234671023484e-5, 3.751142168643245e-5, 4.702912992933791e-6, -2.368025234064127e-5, 5.873244303126712e-5, 5.017648108960862e-6, -0.00010562281939500087, 1.7212666808694843e-5, 5.555430737295716e-5, -1.3045336169980592e-5, 0.00011965248889110085, 2.870700698212744e-5, -2.2703851023380156e-5, -2.050290114947733e-5, 1.2809731753083501e-8, 1.5694832547966315e-8, 1.2598753968576928e-7, 1.532434686711509e-7, -6.553567991497396e-7, -7.959489484483887e-7, -9.483821365261869e-7, -1.1516469253547437e-6, -7.118771473336489e-7, -8.640990127105818e-7, -8.877769061524328e-7, -1.0777429938784954e-6, -8.262856815588464e-7, -1.0029648116488329e-6, 2.0479682613477838e-7, 2.496056383971091e-7, 8.398225723282979e-7, 1.020663677987316e-6, 2.309277981580816e-6, 2.8053213423950496e-6, 3.5856730333173296e-6, 4.355116782175259e-6, 2.695583856474433e-6, 3.2729555001441737e-6, 1.1005021658686539e-6, 1.335088080323365e-6, 6.349655199792621e-7, 7.700310778524114e-7, 7.069613220661124e-7, 8.579095490279975e-7, 5.731545987670848e-9]
observation noise = [-2.050290114947733e-5, 1.2809731753083501e-8, 1.5694832547966315e-8, 1.2598753968576928e-7, 1.532434686711509e-7, -6.553567991497396e-7, -7.959489484483887e-7, -9.483821365261869e-7, -1.1516469253547437e-6, -7.118771473336489e-7, -8.640990127105818e-7, -8.877769061524328e-7, -1.0777429938784954e-6, -8.262856815588464e-7, -1.0029648116488329e-6, 2.0479682613477838e-7, 2.496056383971091e-7, 8.398225723282979e-7, 1.020663677987316e-6, 2.309277981580816e-6, 2.8053213423950496e-6, 3.5856730333173296e-6, 4.355116782175259e-6, 2.695583856474433e-6, 3.2729555001441737e-6, 1.1005021658686539e-6, 1.335088080323365e-6, 6.349655199792621e-7, 7.700310778524114e-7, 7.069613220661124e-7, 8.579095490279975e-7, 5.731545987670848e-9, 6.243606155397616e-9, -5.48017398896879e-7, -6.661067985699219e-7, -6.306493798312143e-7, -7.661178048427545e-7, -8.169646921639878e-7, -9.922352410664347e-7, -5.912483065207871e-7, -7.178616925096355e-7, -5.593870355332503e-7, -6.791593498327402e-7, -7.073026769716022e-7, -8.588742481101183e-7, -3.415640208730554e-7, -4.1454933538821356e-7, -3.057022984376331e-7, -3.711154935634559e-7, -9.755219774414403e-7, -1.1849137474445547e-6, -8.937121435458489e-7, -1.0853622260615418e-6, -5.610672879448724e-7, -6.812231463493991e-7, -6.52377216165177e-7, -7.9225899582617e-7, 8.508845540640615e-8, 1.0358347493499897e-7, 2.668403430617144e-7, 3.2411088478033597e-7, 1.2224275435197888e-7, 1.4832256850966183e-7]
 
