T = 22, number of trajectories = 1, order = 1
status = Global optimum!
optimum = 1.3306593071599567e-9
G = [9.999999869156121e-11, 9.999999869070857e-11, 9.999999869095569e-11, 9.999999869117197e-11]
Fdash = [-6.925468231259677e-10, -6.92525369018681e-10]
ms = [1.0000000000378377e-10, 1.0000000000339452e-10, -1.1255162979006426e-12, -1.1460119304950858e-12, 4.449196538297602e-12, 4.449117078110213e-12, 6.409081413840629e-12, 6.4089849778453745e-12, 1.7269169289629492e-11, 1.7268815856740335e-11, 2.6181442166291656e-11, 2.6180876634774578e-11, 2.5822858037538794e-11, 2.5822653571130668e-11, 1.9371271046679644e-11, 1.9353799326801575e-11, 5.066606132055343e-12, 5.088879831109873e-12, 1.606607542049387e-11, 1.6043236769636133e-11, 9.011789414467743e-12, 9.011580713360351e-12, -6.5247841908174894e-12, -6.524883533685423e-12, -6.433529839404293e-12, -6.433370257161173e-12, -1.7687075367074885e-12, -1.7686784529035837e-12, 2.142492268273027e-11, 2.1424778979610726e-11, 1.4493013498480378e-11, 1.4487195182920823e-11, -2.0588454009425824e-12, -2.0879505974576286e-12, -7.207579463387555e-12, -7.2188199728696385e-12, -1.250700400493885e-11, -1.2506731161138076e-11, 9.184897128267126e-12, 9.184689178336565e-12, -9.321307803807771e-12, -9.321113512713588e-12, 5.714954718536343e-12, 5.715011605764292e-12, 4.773151296554455e-12, 4.773047182848244e-12]
fs = [0.00034009638836873834, -0.0012632151255260915, -0.0018462375141156287, -0.00505286070110933, -0.007676461698518557, -0.007579291250669029, -0.0056844681643698994, -0.0014575560212250782, -0.004712764183387382, -0.0026236007984041386, 0.0019434079619651205, 0.001894822787791638, 0.0005344372144160229, -0.006267490552959449, -0.004226912441652285, 0.0006316075627630222, 0.0021377487581616473, 0.0036924751277337578, -0.002672185972577649, 0.002769356221422149, -0.0016518968174215555, -0.0014089708470515793]
process noise = [0.0003400963261587782, -0.001263214894458018, -0.001846237176399662, -0.0050528597768262325, -0.007676460294312243, -0.007579289864237748, -0.005684467124550174, -0.0014575557546077339, -0.004712763321316249, -0.0026236003184905835, 0.0019434076064744677, 0.0018948224411883211, 0.0005344371166570459, -0.006267489406490286, -0.004226911668455165, 0.0006316074472295357, 0.0021377483671216283, 0.0036924744522980144, -0.0026721854837767397, 0.002769355714846549, -0.001651896515254898, -0.0014089705893215517, -1.1255164776404898e-12, -1.1460121110180408e-12, 4.449196394328898e-12, 4.4491169341415096e-12, 6.4090812776007034e-12, 6.40898484160545e-12, 1.7269169192010024e-11, 1.726881575912087e-11, 2.6181442095704266e-11, 2.6180876564187192e-11, 2.582285796575015e-11, 2.5822653499342028e-11, 1.9371270954021247e-11, 1.935379923414336e-11, 5.066605989184013e-12, 5.0888796804270325e-12, 1.6066075187351993e-11, 1.6043236667669576e-11, 9.011789284550956e-12, 9.011580583443567e-12, -6.5247843754431876e-12, -6.5248837183111224e-12]
observation noise = [-0.0014089705893215517, -1.1255164776404898e-12, -1.1460121110180408e-12, 4.449196394328898e-12, 4.4491169341415096e-12, 6.4090812776007034e-12, 6.40898484160545e-12, 1.7269169192010024e-11, 1.726881575912087e-11, 2.6181442095704266e-11, 2.6180876564187192e-11, 2.582285796575015e-11, 2.5822653499342028e-11, 1.9371270954021247e-11, 1.935379923414336e-11, 5.066605989184013e-12, 5.0888796804270325e-12, 1.6066075187351993e-11, 1.6043236667669576e-11, 9.011789284550956e-12, 9.011580583443567e-12, -6.5247843754431876e-12, -6.5248837183111224e-12, -6.433530014757196e-12, -6.433370432514077e-12, -1.7687077011393544e-12, -1.76867861733545e-12, 2.1424922598653418e-11, 2.142477889553388e-11, 1.449301338959783e-11, 1.4487195074038335e-11, -2.0588455687856584e-12, -2.0879507671035172e-12, -7.207579661753688e-12, -7.218820154115362e-12, -1.2507004208036913e-11, -1.2506731364236143e-11, 9.184897003675852e-12, 9.184689053745293e-12, -9.321307996148678e-12, -9.321113705054498e-12, 5.71495458004599e-12, 5.7150114672739416e-12, 4.773151156607771e-12, 4.773047042901561e-12]
 
T = 22, number of trajectories = 1000, order = 1
status = Local solver failed or obtained local optimum with Ipopt.
optimum = 0.13473596129561788
G = [-0.6250701916519659, 0.28684376586983396, -0.9170755807972897, -1.1707449891308612]
Fdash = [0.31491883197586334, -0.9217133474055335]
ms = [0.7909860575026794, -0.4520325291402841, -1.6238899388278685, -1.1852343449698033, -0.44250731460739234, 0.01753915948311659, 1.2528183114979752, 1.0083750545562051, 2.3717658303937026, -0.9789316221923028, 0.916144306258322, -0.3351550312222498, 0.0039598071449468385, 1.2242552069863017, -0.2454223675962722, -0.3918328169950992, -1.402945658532878, -1.6503246919370134, -0.04015010560003664, -1.140217315798904, -1.3830170771551562, 1.3416759176153243, -0.8847349557666061, -0.5370319977342272, -1.1838306372470186, -0.7480208508987198, 0.48396413779295777, -0.3796574668742649, -0.824533307767445, -0.48818620168796834, -0.6051214231474721, -0.8099264441124185, -0.3584652474809232, -1.1465130825049434, 0.14807227770402934, 0.41973947273922374, 0.7965049435335976, -0.16332519665974046, 0.5119244299058101, -0.9413765763618225, -0.2581669211908893, -0.7435604996525879, 0.3611880178606373, 0.02749478820954155, -2.046330131915807, -0.657374522732034]
fs = [0.8987790767874031, -1.3145957360152447, -1.5671232950678804, 0.6770590637850317, -0.13679418798654974, -0.643586317765551, -0.8132812669171924, -0.2947502546152376, -0.3805031627631319, -1.3229938446655845, -0.23553891455919407, -0.6132006642376926, -0.9642898086322906, -0.37301102691470117, -0.15318648917452174, 1.715111971443524, -1.4692608219484178, -0.5659990087877907, -1.8234010284439797, -0.7074428088133411, -0.603685431115759, -0.317535941252702]
process noise = [0.2364709939787232, -1.132462434069262, 0.8445388739526236, 0.4586065451170539, 0.8865146516220879, -0.7191339568083732, 0.3405524437221311, -0.186457816851744, -0.5165233187388273, -0.09521341296173486, -0.5970475151241804, 1.0931719287292936, 1.7031434247570505, 0.32802637448718536, -1.4517981247589884, -0.0464585174222926, 1.698105081275442, 0.8713216584199583, -1.1587490642684952, 2.0483714717273696, 0.6590444377128308, 1.5615399788998106, 1.3097017619174613, 1.8099227669218263, 0.335414984530777, -0.15377046810104444, -0.4291324299825672, 1.2168200255509767, -0.14995404969472706, 0.7292732130523089, 0.23515823144441553, -0.9976862911002762, -0.27621450038390494, -1.8934728628023594, 0.09778645936029322, 1.3226164087885, 2.0655782540183347, 0.11235888891489672, 1.2641928001279605, -1.9276248538748089, 0.2699748034944653, 0.29373291375404836, -0.205698103721037, -1.734262897489857]
observation noise = [1.5615399788998106, 1.3097017619174613, 1.8099227669218263, 0.335414984530777, -0.15377046810104444, -0.4291324299825672, 1.2168200255509767, -0.14995404969472706, 0.7292732130523089, 0.23515823144441553, -0.9976862911002762, -0.27621450038390494, -1.8934728628023594, 0.09778645936029322, 1.3226164087885, 2.0655782540183347, 0.11235888891489672, 1.2641928001279605, -1.9276248538748089, 0.2699748034944653, 0.29373291375404836, -0.205698103721037, -1.734262897489857, 0.544103445709665, -0.1377988095962932, 1.1188293665311875, 1.0591021140547916, 0.6946562454731242, 1.1787980296800409, 1.0282704096456978, -0.15602028713328434, -0.03124369222478306, 0.6483461343961622, 0.7754362302401094, -0.2865620222193961, -0.682929166701124, -0.1563880185382021, -0.012907422059671946, -0.4248949978194338, -1.490169397657508, -0.8274938694458925, 0.0052900541883041845, -0.2163009545826786, -0.9347157959279299, -0.253376124005374]
 
T = 23, number of trajectories = 1, order = 1
status = Global optimum!
optimum = 8.200284087412562e-10
G = [9.999999864629013e-11, 9.999999865294935e-11, 9.9999998646887e-11, 9.999999865237409e-11]
Fdash = [-7.68831722797757e-10, -7.688304673152456e-10]
ms = [1.0000000000241953e-10, 1.0000000000256342e-10, -1.276579132321128e-12, -1.2615353344870686e-12, 4.839999590770743e-12, 4.879450561521888e-12, 7.11468709326431e-12, 7.114741776392696e-12, 1.9169227639162808e-11, 1.9169148698580038e-11, 2.9102520343029376e-11, 2.9102400675010726e-11, 2.869904289800726e-11, 2.869860819055653e-11, 2.154398343975862e-11, 2.1543839204815778e-11, 5.604983521364366e-12, 5.599462560559187e-12, 1.784429438341363e-11, 1.786506670019225e-11, 9.97604891814611e-12, 9.981389809864515e-12, -7.276808819599837e-12, -7.276758725348382e-12, -7.106533387134828e-12, -7.1064737465265655e-12, -1.9537348956956893e-12, -1.953728455966806e-12, 2.377930797578203e-11, 2.377879058662178e-11, 1.5987797417789834e-11, 1.5987334044133023e-11, -2.3265502137576754e-12, -2.3318308379778534e-12, -8.019342318135389e-12, -8.005920879437155e-12, -1.3879848905038628e-11, -1.3837465763687703e-11, 1.0152043192938148e-11, 1.0151958859712839e-11, -1.0428003955326212e-11, -1.0427597040830896e-11, 6.287592978124184e-12, 6.2875408084213664e-12, 5.3720341626848806e-12, 5.371768100200136e-12, 9.716751658707448e-12, 9.716660101880071e-12]
fs = [0.0003400963883687471, -0.0012632151255260972, -0.0018462375141156673, -0.005052860701109351, -0.007676461698518484, -0.007579291250669012, -0.005684468164369923, -0.00145755602122506, -0.004712764183387369, -0.00262360079840419, 0.001943407961965112, 0.0018948227877916299, 0.0005344372144159991, -0.006267490552959448, -0.004226912441652287, 0.0006316075627630541, 0.00213774875816159, 0.003692475127733729, -0.002672185972577656, 0.002769356221422168, -0.0016518968174215952, -0.0014089708470515628, -0.002575015624230677]
process noise = [0.00034009632615929116, -0.001263214894459289, -0.0018462371764014869, -0.0050528597768308365, -0.007676460294319139, -0.0075792898642446024, -0.0056844671245553325, -0.0014575557546091407, -0.0047127633213205015, -0.002623600318493134, 0.0019434076064763378, 0.0018948224411901437, 0.0005344371166578065, -0.006267489406495923, -0.004226911668459053, 0.0006316074472304859, 0.002137748367123621, 0.0036924744523013976, -0.0026721854837792906, 0.002769355714849183, -0.0016518965152565522, -0.0014089705893229139, -0.002575015153206931, -1.2765793126482917e-12, -1.2615356163840587e-12, 4.839999072102444e-12, 4.879450417188645e-12, 7.114686956163707e-12, 7.114741639292092e-12, 1.9169227538877292e-11, 1.9169148598294518e-11, 2.9102520268372202e-11, 2.910240060035355e-11, 2.8699042821751317e-11, 2.869860811430058e-11, 2.1543983343804916e-11, 2.1543839108862068e-11, 5.604983376894003e-12, 5.599462416088881e-12, 1.784429427901119e-11, 1.786506641300633e-11, 9.976048955335647e-12, 9.981389678036859e-12, -7.276809003447659e-12, -7.276758909196204e-12, -7.106533561174346e-12]
observation noise = [-0.002575015153206931, -1.2765793126482917e-12, -1.2615356163840587e-12, 4.839999072102444e-12, 4.879450417188645e-12, 7.114686956163707e-12, 7.114741639292092e-12, 1.9169227538877292e-11, 1.9169148598294518e-11, 2.9102520268372202e-11, 2.910240060035355e-11, 2.8699042821751317e-11, 2.869860811430058e-11, 2.1543983343804916e-11, 2.1543839108862068e-11, 5.604983376894003e-12, 5.599462416088881e-12, 1.784429427901119e-11, 1.786506641300633e-11, 9.976048955335647e-12, 9.981389678036859e-12, -7.276809003447659e-12, -7.276758909196204e-12, -7.106533561174346e-12, -7.106473920566081e-12, -1.9537350594136366e-12, -1.953728619684753e-12, 2.3779307888633862e-11, 2.3778790499473607e-11, 1.598779730611025e-11, 1.598733393245344e-11, -2.3265503813188285e-12, -2.3318310055389475e-12, -8.019342498358215e-12, -8.005921077578553e-12, -1.3879849110716714e-11, -1.38374659646854e-11, 1.0152043067066085e-11, 1.0151958733840775e-11, -1.0428004146885466e-11, -1.0427597232390148e-11, 6.287592839271479e-12, 6.287540669568659e-12, 5.372034022039453e-12, 5.371767959554708e-12, 9.716751529957895e-12, 9.716659973129967e-12]
 
T = 23, number of trajectories = 1000, order = 1
status = Local solver failed or obtained local optimum with Ipopt.
optimum = 0.14083749883975732
G = [-0.04809803140521005, -2.1252396183110265, 0.35534917698894736, -0.04756208385038516]
Fdash = [0.005575939336666424, 0.03275574223372764]
ms = [-0.04805470782455227, 0.08114366748611165, -0.3965684022937373, -1.1951364543080552, -2.166129115575301, -0.5403946470373181, -0.9656706868746096, -0.7498254251853086, -0.9064992764411781, 0.1739780461170203, -1.347725787795475, 0.2750776718955422, 0.48090793769893425, 0.6070373072066415, 0.6467275375756664, 0.6318779212393629, -0.06505472681585338, -1.513685934050746, 0.2603881855489998, -0.12418037993162728, -0.8613498567901204, 0.8808069428152637, 1.0067874467480005, 0.7021021137757598, -0.16744436270803587, -0.029760326756860928, -1.6419929897251515, -0.051626550019127825, -1.8245765527993707, -0.24846597843644624, 1.8160521552917563, -0.6829002075155359, 1.2070601299985682, 1.6549396257123368, -2.09275922110463, 0.29715311739058176, -1.4033310737703861, 1.2438638030476443, -0.061794294465776056, -0.2147867563124722, -0.5778034138787589, 0.10401367739820391, -1.1796887144997779, -0.6543510921224185, -1.6528231023380364, -1.3242206606216294, 0.02800144176468723, -0.23914702275955788]
fs = [-0.007036344092574287, 1.9331235737223986, -0.8596718195535186, -0.27484611081140603, 1.4255239278841012, -0.6450412453063533, 0.22953539673073275, 0.8114407440147612, -0.5095193896174518, -0.44533672419461073, -2.046296782908652, -0.9161371654520283, -1.4397632562399187, -0.18408190112818446, 1.0282049026763491, -0.4121563642921678, -0.6546306421035565, 1.7940471462437102, -0.19496377832037706, -2.158692055915417, -0.16388343515298617, 0.012779810166132994, 0.39099535027102345]
process noise = [0.882183322422019, -0.4317822245730743, 0.7319321016802107, -0.5341250325515869, -0.13738389435463197, -0.5545312973654353, -0.7521699253443956, 0.3767137310445453, -2.78517530047551, 1.1692607293789665, 1.2429627974963326, 1.3724156210777054, -1.016115789889609, 0.8804758361978793, -1.5834824558804914, 1.310264543490208, -0.6244141012413177, 2.5994352796380507, 1.3041052662882209, -0.01353450416775266, -1.3953882167644007, -1.0970611399002854, -1.6873418701090435, -0.7411861419703064, -1.0959641427513995, 1.622882799024627, -0.12859234577271894, -0.018248554137693832, -0.4900037550419834, -0.8662391317088078, -1.1563437222769322, 0.5176025278872044, 0.9467110858706718, -0.03306092880101423, -0.013114437068553003, -0.537279805136244, 0.6229440859600758, -1.9041676571881403, 1.5207277611420147, -0.025485921800452362, -1.1682299212805187, 0.3804807019612634, 0.4210115524695763, -2.0071498128165195, -1.477550121942134, 0.024259737705292418]
observation noise = [-1.6873418701090435, -0.7411861419703064, -1.0959641427513995, 1.622882799024627, -0.12859234577271894, -0.018248554137693832, -0.4900037550419834, -0.8662391317088078, -1.1563437222769322, 0.5176025278872044, 0.9467110858706718, -0.03306092880101423, -0.013114437068553003, -0.537279805136244, 0.6229440859600758, -1.9041676571881403, 1.5207277611420147, -0.025485921800452362, -1.1682299212805187, 0.3804807019612634, 0.4210115524695763, -2.0071498128165195, -1.477550121942134, 0.024259737705292418, 0.12634381363368333, 1.7134292762356833, 2.1347825709704056, -0.8396943534051129, 2.1470476049953593, 1.4408597417100577, 0.4306825363745252, -0.069915542029169, 0.7972484536137604, 0.4366405405644888, -0.46914334986259043, 1.1063523760427483, -1.2148794550539739, 0.5882777156276272, 1.1096691535332317, -1.4907971692627868, 0.9996484581552978, -1.3814097066002515, 0.9465773831192745, -0.304243708925071, -0.3022580279893555, 0.8082491789121051, -0.450806505264343]
 
T = 24, number of trajectories = 1, order = 1
status = Global optimum!
optimum = 1.5035839903294227e-8
G = [9.999999858985719e-11, 9.999999857946931e-11, 9.999999858933199e-11, 9.999999857982864e-11]
Fdash = [-7.47290565431337e-10, -7.473118967243045e-10]
ms = [1.000000000031147e-10, 1.0000000000282238e-10, -1.1306212917334635e-12, -1.1365971074446313e-12, 4.6769528054297636e-12, 4.707092504164823e-12, 6.837972065395396e-12, 6.8327234185424844e-12, 1.867495912410602e-11, 1.8675410507607787e-11, 2.822262770823378e-11, 2.8223549719724546e-11, 2.7962224360886433e-11, 2.7963096398714607e-11, 2.08938786688861e-11, 2.0894364567003404e-11, 5.367998737135819e-12, 5.368154331526555e-12, 1.7350409735205037e-11, 1.7345619034204954e-11, 9.684574018893359e-12, 9.698372095481064e-12, -7.072925358259104e-12, -7.088938650857251e-12, -6.874883740595061e-12, -6.875241447860814e-12, -1.909747898419103e-12, -1.9098096493389596e-12, 2.304379597284421e-11, 2.3044530728124193e-11, 1.562557783957777e-11, 1.5626066952203232e-11, -2.221423016068981e-12, -2.2214959716428704e-12, -7.774155945261296e-12, -7.779890621610944e-12, -1.3473000484910402e-11, -1.3489105747548578e-11, 9.872268819115797e-12, 9.881620406812736e-12, -1.0158009138300994e-11, -1.0158328629811644e-11, 6.146904098357994e-12, 6.147094485981696e-12, 5.2474923624339896e-12, 5.247654734012011e-12, 9.527362365549119e-12, 9.527558725921085e-12, -4.071700049597519e-12, -4.071828936881279e-12]
fs = [0.0003400963883687247, -0.0012632151255260622, -0.0018462375141156228, -0.005052860701109344, -0.007676461698518587, -0.007579291250669012, -0.005684468164369889, -0.0014575560212250478, -0.004712764183387331, -0.002623600798404135, 0.0019434079619650962, 0.0018948227877915653, 0.000534437214416032, -0.006267490552959511, -0.004226912441652266, 0.0006316075627630209, 0.0021377487581615935, 0.0036924751277337235, -0.0026721859725776335, 0.002769356221422209, -0.0016518968174216177, -0.0014089708470515904, -0.0025750156242306415, 0.0011174596030055664]
process noise = [0.00034009632615928737, -0.0012632148944617015, -0.0018462371764042353, -0.0050528597768281355, -0.007676460294311188, -0.007579289864236726, -0.005684467124551216, -0.0014575557546117745, -0.004712763321318573, -0.002623600318495314, 0.0019434076064791081, 0.0018948224411928665, 0.0005344371166585428, -0.006267489406490756, -0.004226911668458209, 0.0006316074472314071, 0.0021377483671263325, 0.0036924744523017037, -0.0026721854837814417, 0.002769355714851262, -0.0016518965152593356, -0.0014089705893255411, -0.0025750151532091883, 0.001117459398602768, -1.1306214720617326e-12, -1.1365972877728439e-12, 4.676952661071396e-12, 4.707092414827238e-12, 6.8379719264992056e-12, 6.832723282055497e-12, 1.8674959024267287e-11, 1.8675410407769052e-11, 2.8222627640813042e-11, 2.8223549652303804e-11, 2.79622242857777e-11, 2.796309632360587e-11, 2.089387857366491e-11, 2.089436447178221e-11, 5.3679985933771515e-12, 5.3681541877678865e-12, 1.7350409631434105e-11, 1.7345618930434076e-11, 9.684573887749148e-12, 9.69837228664213e-12, -7.072925605158408e-12, -7.088938834842546e-12, -6.8748839218054015e-12, -6.875241629071154e-12]
observation noise = [0.001117459398602768, -1.1306214720617326e-12, -1.1365972877728439e-12, 4.676952661071396e-12, 4.707092414827238e-12, 6.8379719264992056e-12, 6.832723282055497e-12, 1.8674959024267287e-11, 1.8675410407769052e-11, 2.8222627640813042e-11, 2.8223549652303804e-11, 2.79622242857777e-11, 2.796309632360587e-11, 2.089387857366491e-11, 2.089436447178221e-11, 5.3679985933771515e-12, 5.3681541877678865e-12, 1.7350409631434105e-11, 1.7345618930434076e-11, 9.684573887749148e-12, 9.69837228664213e-12, -7.072925605158408e-12, -7.088938834842546e-12, -6.8748839218054015e-12, -6.875241629071154e-12, -1.9097480621841447e-12, -1.9098098131040008e-12, 2.304379589263407e-11, 2.3044530647914046e-11, 1.5625577728819394e-11, 1.5626066841444853e-11, -2.2214231839440865e-12, -2.2214961395179753e-12, -7.774156125894321e-12, -7.77989080224391e-12, -1.3473000686536098e-11, -1.3489106044558527e-11, 9.872268617576694e-12, 9.881620281253613e-12, -1.0158009329807676e-11, -1.0158328821318325e-11, 6.146903959452192e-12, 6.147094347075893e-12, 5.247492221625829e-12, 5.24765459320385e-12, 9.527362237019007e-12, 9.527558597390972e-12, -4.0717002197046024e-12, -4.071829106988362e-12]
 
T = 24, number of trajectories = 1000, order = 1
status = Global optimum!
optimum = 0.1470917520518029
G = [0.9797187331530998, -0.34068792162848666, -0.019315727267704384, 0.006706208726064141]
Fdash = [0.1317366162641933, 6.988078580091333]
ms = [-0.29475792743412, -2.0031827421998596, 0.3936803018693421, -0.007740295399419569, 0.38833314007328107, -0.00764860720090851, 0.38306321691963, -0.007543598445121439, 0.3778644117946869, -0.007440856142846279, 0.37273542993867553, -0.007371197001572851, 0.36768676292253183, -0.007269420599755963, 0.3627058117509807, -0.007170493668788585, 0.35779232677747297, -0.007065156378260966, 0.35294238772127934, -0.006980112038269428, 0.34816170009679, -0.006891857229028349, 0.343449107844476, -0.006736558498952108, 0.33877958059335167, -0.006625884057926186, 0.33416642852109346, -0.006568894567658067, 0.3296275736635161, -0.0064725346827782925, 0.32514765964923664, -0.006399804618041348, 0.3207334949281787, -0.006330053933161457, 0.31638523879378333, -0.006236598874407773, 0.31209315205897925, -0.006161168308889911, 0.30786268113767407, -0.006063970471027415, 0.30368499352675826, -0.005976897748211801, 0.2995619166904909, -0.005919100237765719, 0.29550286621129984, -0.005833645086858555, 0.29149676521465, -0.005767517626503936, 0.2875496266464107, -0.005676497097426474]
fs = [-0.002227685547115549, -0.00229116213829714, -0.002251562539812443, -0.002218457072925203, -0.002408251847269098, -0.0023620604546157878, -0.002326904207927316, -0.002237841745547234, -0.00228276357067912, -0.002295995965293981, -0.001829785310754338, -0.0016709963366180504, -0.0018814454034187023, -0.0018058106663299102, -0.0018881836395288033, -0.001982763639212274, -0.0019022949252572511, -0.0019408691039048565, -0.001818554715086421, -0.0017603027818111061, -0.001900244080883623, -0.0018376464510951537, -0.0019036620175918383, -0.0017872069941036986]
process noise = [7.304698201427419e-11, 2.161425724061034e-7, 2.4808981766010635e-7, 2.5521607229175856e-7, -6.483358992030814e-7, -5.841878705403066e-7, -5.635095579596233e-7, -3.2050800928255127e-7, -6.243150749089588e-7, -7.96767605094401e-7, 9.949432282154656e-7, 1.5298343573870311e-6, 5.54845033856143e-7, 7.524444184832602e-7, 3.047854157299247e-7, -1.9134136232393958e-7, 3.0555513954245315e-8, -2.3337066995551595e-7, 1.6272080939363817e-7, 2.979947450706146e-7, -3.766169939142566e-7, -2.2078294003635388e-7, -5.900440758556459e-7, -2.1103966876150724e-7, 4.988989680857175e-11, 2.458955472536523e-9, 1.4830803172451637e-7, 7.522177993021259e-6, 1.7679694176064156e-7, 8.631734664559144e-6, 1.8932264716118873e-7, 8.87742793872338e-6, -4.227010467937271e-7, -2.2571144030978612e-5, -3.9808282898918854e-7, -2.033190567068106e-5, -4.016104344770289e-7, -1.9606183668709648e-5, -2.5220177642676705e-7, -1.1143012173705256e-5, -4.708418026307207e-7, -2.1712621737710196e-5, -6.087388819391993e-7, -2.77082376899943e-5, 5.955793745345767e-7, 3.465617888764245e-5, 9.91641136678991e-7, 5.3262007547560497e-5]
observation noise = [-2.1103966876150724e-7, 4.988989680857175e-11, 2.458955472536523e-9, 1.4830803172451637e-7, 7.522177993021259e-6, 1.7679694176064156e-7, 8.631734664559144e-6, 1.8932264716118873e-7, 8.87742793872338e-6, -4.227010467937271e-7, -2.2571144030978612e-5, -3.9808282898918854e-7, -2.033190567068106e-5, -4.016104344770289e-7, -1.9606183668709648e-5, -2.5220177642676705e-7, -1.1143012173705256e-5, -4.708418026307207e-7, -2.1712621737710196e-5, -6.087388819391993e-7, -2.77082376899943e-5, 5.955793745345767e-7, 3.465617888764245e-5, 9.91641136678991e-7, 5.3262007547560497e-5, 3.683370524899067e-7, 1.931397707744669e-5, 5.20614515771268e-7, 2.61852912664564e-5, 2.3638015922689294e-7, 1.0597863967829132e-5, -9.44036207099745e-8, -6.671991435098708e-6, 5.254626049300396e-8, 1.0525027858932838e-6, -1.271874158929655e-7, -8.133390418819842e-6, 1.3795225260039268e-7, 5.65381753336711e-6, 2.3608234645917605e-7, 1.036008882134555e-5, -2.1731529658634728e-7, -1.312140309108326e-5, -1.2126608316108648e-7, -7.69408204246734e-6, -3.8093171701864975e-7, -2.0543213801571265e-5, -1.3847963227505759e-7, -7.346903553749299e-6]
 
T = 25, number of trajectories = 1, order = 1
status = Global optimum!
optimum = 1.263136392632622e-8
G = [9.999999852898985e-11, 9.999999852248525e-11, 9.999999852947522e-11, 9.999999852519736e-11]
Fdash = [-7.880501219088474e-10, -7.880838879667471e-10]
ms = [1.000000000024153e-10, 1.0000000000226839e-10, -1.2663699454118955e-12, -1.266728500110842e-12, 4.9528490719200525e-12, 4.9469247055949034e-12, 7.224002143443609e-12, 7.279487876814169e-12, 1.958170479836527e-11, 1.9596160488265977e-11, 2.9828945186957275e-11, 2.9829809698346284e-11, 2.947774350679821e-11, 2.947858338565973e-11, 2.2156397569862575e-11, 2.2156978013249803e-11, 5.683478189031274e-12, 5.683560768174823e-12, 1.8281443962480432e-11, 1.8282078772664558e-11, 1.0135716762906054e-11, 1.0130163859198065e-11, -7.512673170578697e-12, -7.510514859607112e-12, -7.241804194582113e-12, -7.274153682909949e-12, -2.0397750754385354e-12, -2.039869257745926e-12, 2.438245795504764e-11, 2.4383206929514997e-11, 1.642670177532766e-11, 1.6426887605325707e-11, -2.368541277865172e-12, -2.3686153550222725e-12, -8.186050714644326e-12, -8.185984763823545e-12, -1.4286728018385666e-11, -1.429326049654352e-11, 1.0401703280527742e-11, 1.0412388350669839e-11, -1.0688672580383115e-11, -1.0675588887206137e-11, 6.456617815667412e-12, 6.4571358636121655e-12, 5.513985784057307e-12, 5.5138354392646695e-12, 1.0048207085047327e-11, 1.0048515553576155e-11, -4.317179528478209e-12, -4.317247895416447e-12, 6.023646910436489e-12, 6.023832373526878e-12]
fs = [0.00034009638836870906, -0.0012632151255260416, -0.001846237514115579, -0.005052860701109225, -0.007676461698518381, -0.007579291250668904, -0.005684468164369825, -0.001457556021225059, -0.004712764183387281, -0.00262360079840412, 0.0019434079619650609, 0.0018948227877915351, 0.0005344372144159708, -0.006267490552959318, -0.004226912441652212, 0.0006316075627630296, 0.0021377487581615917, 0.0036924751277336875, -0.00267218597257761, 0.0027693562214221486, -0.0016518968174215325, -0.0014089708470515247, -0.0025750156242306337, 0.0011174596030055375, -0.0015547263695720494]
process noise = [0.0003400963261628289, -0.0012632148944661285, -0.0018462371764096316, -0.005052859776846753, -0.007676460294347237, -0.007579289864272143, -0.005684467124573808, -0.001457555754616528, -0.004712763321335215, -0.002623600318502662, 0.0019434076064847058, 0.0018948224411983747, 0.0005344371166622229, -0.00626748940651685, -0.004226911668472123, 0.0006316074472352623, 0.0021377483671324, 0.0036924744523130124, -0.0026721854837889218, 0.002769355714859014, -0.00165189651526432, -0.001408970589330148, -0.0025750151532164044, 0.0011174593986069958, -0.0015547260851891968, -1.266370125738558e-12, -1.2667286804375041e-12, 4.952848927200575e-12, 4.9469245608754854e-12, 7.224002006515852e-12, 7.27948778829213e-12, 1.9581704798961152e-11, 1.959616038737073e-11, 2.982894511105158e-11, 2.982980962244058e-11, 2.947774342923316e-11, 2.9478583308094664e-11, 2.2156397472784183e-11, 2.21569779161714e-11, 5.6834780446302694e-12, 5.683560623773815e-12, 1.8281443857479644e-11, 1.828207866766376e-11, 1.0135716630990508e-11, 1.0130163727282577e-11, -7.512673354069362e-12, -7.51051524521992e-12, -7.241804349792819e-12, -7.274153857093336e-12, -2.039775239510017e-12]
observation noise = [-0.0015547260851891968, -1.266370125738558e-12, -1.2667286804375041e-12, 4.952848927200575e-12, 4.9469245608754854e-12, 7.224002006515852e-12, 7.27948778829213e-12, 1.9581704798961152e-11, 1.959616038737073e-11, 2.982894511105158e-11, 2.982980962244058e-11, 2.947774342923316e-11, 2.9478583308094664e-11, 2.2156397472784183e-11, 2.21569779161714e-11, 5.6834780446302694e-12, 5.683560623773815e-12, 1.8281443857479644e-11, 1.828207866766376e-11, 1.0135716630990508e-11, 1.0130163727282577e-11, -7.512673354069362e-12, -7.51051524521992e-12, -7.241804349792819e-12, -7.274153857093336e-12, -2.039775239510017e-12, -2.0398694218174064e-12, 2.4382457867141686e-11, 2.438320684160903e-11, 1.6426701663137495e-11, 1.642688749313553e-11, -2.3685414457074564e-12, -2.3686155228645556e-12, -8.186050894472593e-12, -8.185984943651806e-12, -1.4286728212406496e-11, -1.4293260690564278e-11, 1.0401703154739934e-11, 1.0412388080010061e-11, -1.0688672771715525e-11, -1.0675589078236583e-11, 6.456617676670942e-12, 6.457135724615693e-12, 5.513985642991699e-12, 5.5138352981990585e-12, 1.0048206955880877e-11, 1.0048515424409699e-11, -4.317179698301631e-12, -4.3172480652398654e-12, 6.023646770748825e-12, 6.02383223383921e-12]
 
T = 25, number of trajectories = 1000, order = 1
status = Global optimum!
optimum = 0.15326469360222908
G = [-1.5573981073884853, 1.6541988887871708, -1.2232687697358988, 0.7089842997153852]
Fdash = [-0.0004387075612383725, 0.00024377802925607686]
ms = [-0.16241126422500946, 0.20298051991535665, 0.5887088314869848, 0.34258329155667955, -0.35015187615671367, -0.4772609067761649, -0.24415534607864914, 0.08995840707207518, 0.5290570675863928, 0.3624473182179249, -0.22439070710052636, -0.3902089776919224, -0.29601580252011334, -0.002161292529754238, 0.4574411097455577, 0.3605752526706537, -0.11595234811925706, -0.3039318755490963, -0.322179174329931, -0.07364078010378768, 0.37994675893071533, 0.34190276276421755, -0.026150336574517603, -0.2223745901529644, -0.32712492713327634, -0.1256708074513013, 0.30158022463425677, 0.31106455642291647, 0.044884506151384375, -0.14837420637456813, -0.31534250477760334, -0.16010071725318742, 0.22627648723448807, 0.27224097373555173, 0.097940280741967, -0.08378251426178318, -0.29112385859892814, -0.17920744455868665, 0.1569526140500175, 0.22906798029157574, 0.13448767126923847, -0.02958953943708826, -0.2583971898897532, -0.18549182298022215, 0.09558954257388219, 0.18457786256259776, 0.15645840636098504, 0.013931147774013976, -0.22062305831980564, -0.18151098867467544, 0.043346761174997535, 0.14119058569157106]
fs = [-0.0022273610018717655, -0.0022907940051056, -0.0022511861533648764, -0.002218129043602428, -0.002407870707445745, -0.0023616666846354648, -0.002326554268987345, -0.002237491689568322, -0.0022823832831571486, -0.0022956462944846356, -0.001829502641106896, -0.0016707140843003185, -0.0018811568081337367, -0.0018055338998833421, -0.0018878693900272598, -0.0019824554181306596, -0.001902004210246734, -0.00194054902652018, -0.00181826925351733, -0.0017600349181186826, -0.0018999329604554589, -0.0018373554907224123, -0.001903371477335636, -0.0017869161838117425, -0.0019087289704057587]
process noise = [-0.002052604355414942, -0.0023280625943107045, -0.002380228750638775, -0.0020743844390965368, -0.0024111882441788693, -0.0024910041576406117, -0.0022137717351929185, -0.0022142689265951913, -0.002405773739028487, -0.002212309174658845, -0.001786764895811071, -0.0017835905264004014, -0.0018246820162171168, -0.0017496722683753628, -0.0019871835475975333, -0.0019495526313311389, -0.0018386126213636512, -0.002024580474681535, -0.0018052547735681755, -0.0016938207558751194, -0.0019680749617596804, -0.0018404157662668685, -0.0018381279721452586, -0.0018394568046303749, -0.0019241317054507065, -3.0658395056037637e-7, 6.551618073862344e-7, 1.227215347462145e-6, 2.058218617683587e-6, 3.253220495904409e-6, -9.620429107356113e-7, 9.023019006439084e-7, 6.053822578478156e-7, 1.8093537996129105e-6, 5.58389358713556e-7, 1.7949858004666842e-6, 6.003581875155767e-7, 1.8687380983592543e-6, 6.870325328030427e-7, 2.3859929802802214e-6, -6.433859789331321e-7, 6.30430693761125e-7, 1.2603694553575414e-6, 2.016930806700912e-6, 1.199228021797805e-6, 2.8582538513932547e-6, -1.2776380202330248e-6, 3.903591140335589e-7, 3.9336857772914487e-7, 9.861361870159634e-7]
observation noise = [-0.0019241317054507065, -3.0658395056037637e-7, 6.551618073862344e-7, 1.227215347462145e-6, 2.058218617683587e-6, 3.253220495904409e-6, -9.620429107356113e-7, 9.023019006439084e-7, 6.053822578478156e-7, 1.8093537996129105e-6, 5.58389358713556e-7, 1.7949858004666842e-6, 6.003581875155767e-7, 1.8687380983592543e-6, 6.870325328030427e-7, 2.3859929802802214e-6, -6.433859789331321e-7, 6.30430693761125e-7, 1.2603694553575414e-6, 2.016930806700912e-6, 1.199228021797805e-6, 2.8582538513932547e-6, -1.2776380202330248e-6, 3.903591140335589e-7, 3.9336857772914487e-7, 9.861361870159634e-7, 1.4833278428848092e-6, 2.3374099488201307e-6, -4.248645473504801e-7, 9.91766575227066e-7, 7.621009060381188e-8, 1.086397140144663e-6, 1.2376356828234152e-6, 2.141534004839768e-6, -1.322908218644057e-7, 1.0982443752184297e-6, 3.233371960276824e-7, 1.6119392763725542e-6, 5.286935555183924e-7, 1.3797780468488728e-6, 8.910632001888677e-8, 6.478814725444283e-7, 1.2560079060871593e-6, 2.603285636660918e-6, -5.512450599430656e-7, 8.84683786867275e-7, 4.405177204392803e-8, 9.071476513728666e-8, 2.718796382581251e-6, 4.091474758954129e-6, -2.262146679069336e-6]
 
T = 26, number of trajectories = 1, order = 1
status = Global optimum!
optimum = 4.777345291121377e-9
G = [9.999999847469189e-11, 9.999999847394035e-11, 9.999999847394682e-11, 9.999999847133493e-11]
Fdash = [-8.065788275536974e-10, -8.065647938704208e-10]
ms = [1.0000000000224094e-10, 1.0000000000223943e-10, -1.2615596272881253e-12, -1.2615109105755834e-12, 5.151483929825126e-12, 5.151415095244457e-12, 7.369598397293574e-12, 7.363639480258945e-12, 2.0138099567233485e-11, 2.011120944873355e-11, 3.0491227572919994e-11, 3.050439845110837e-11, 3.0135385477825033e-11, 3.013482021779057e-11, 2.2551175742068573e-11, 2.2550752443177e-11, 5.7773967004876736e-12, 5.777290044690387e-12, 1.874103951653455e-11, 1.874068904932273e-11, 1.0408731457498325e-11, 1.0408537486873843e-11, -7.623337514433172e-12, -7.629026136254886e-12, -7.42895624159637e-12, -7.406992664900178e-12, -2.082759657337928e-12, -2.0830229908952895e-12, 2.4914032320216306e-11, 2.4913565401139442e-11, 1.6821548651401994e-11, 1.6821221183237747e-11, -2.4526160333004414e-12, -2.4527720841088954e-12, -8.44474987800674e-12, -8.444576285268877e-12, -1.4594852130593628e-11, -1.4594571863721074e-11, 1.0691409141925672e-11, 1.06853633598786e-11, -1.095145472523007e-11, -1.0962226808096346e-11, 6.6282010149947304e-12, 6.598421958826042e-12, 5.639309355021938e-12, 5.639205755583493e-12, 1.032182967327538e-11, 1.0321638334375368e-11, -4.351831949390284e-12, -4.351755756541617e-12, 6.178042665877459e-12, 6.1778843746788334e-12, 2.9688084293189152e-12, 2.9687535775068564e-12]
fs = [0.00034009638836875346, -0.001263215125526087, -0.0018462375141155962, -0.005052860701109333, -0.007676461698518426, -0.007579291250668956, -0.005684468164369861, -0.0014575560212250595, -0.00471276418338726, -0.0026236007984040853, 0.0019434079619650782, 0.0018948227877915956, 0.0005344372144160464, -0.0062674905529594375, -0.00422691244165226, 0.0006316075627629854, 0.0021377487581616316, 0.0036924751277337135, -0.0026721859725776023, 0.002769356221422142, -0.0016518968174215746, -0.0014089708470515269, -0.0025750156242306276, 0.001117459603005546, -0.0015547263695720821, -0.0007287780106125371]
process noise = [0.0003400963261611689, -0.0012632148944627024, -0.0018462371764056084, -0.0050528597768384155, -0.0076764602943322794, -0.007579289864257595, -0.005684467124564138, -0.0014575557546128424, -0.004712763321327441, -0.0026236003184979735, 0.0019434076064806056, 0.0018948224411943545, 0.0005344371166600777, -0.006267489406506161, -0.004226911668465476, 0.0006316074472327774, 0.0021377483671281643, 0.0036924744523072735, -0.002672185483784223, 0.002769355714854245, -0.001651896515260488, -0.0014089705893265165, -0.002575015153211787, 0.0011174593986037218, -0.001554726085185447, -0.0007287778773080414, -1.2615598076150579e-12, -1.2615110909025163e-12, 5.151483784910823e-12, 5.1514149503301555e-12, 7.369598259746666e-12, 7.363639342712101e-12, 2.013809946554032e-11, 2.0111209533558206e-11, 3.0491227344604794e-11, 3.050439837412445e-11, 3.0135385399349905e-11, 3.013482013931545e-11, 2.2551175644275604e-11, 2.255075234538404e-11, 5.777396555428746e-12, 5.777289899631463e-12, 1.8741039410740227e-11, 1.8740688943528414e-11, 1.0408731325103035e-11, 1.0408537354478556e-11, -7.623337697978774e-12, -7.629026319800431e-12, -7.42895641537035e-12, -7.406992844797132e-12, -2.082759778135388e-12, -2.083023154549045e-12]
observation noise = [-0.0007287778773080414, -1.2615598076150579e-12, -1.2615110909025163e-12, 5.151483784910823e-12, 5.1514149503301555e-12, 7.369598259746666e-12, 7.363639342712101e-12, 2.013809946554032e-11, 2.0111209533558206e-11, 3.0491227344604794e-11, 3.050439837412445e-11, 3.0135385399349905e-11, 3.013482013931545e-11, 2.2551175644275604e-11, 2.255075234538404e-11, 5.777396555428746e-12, 5.777289899631463e-12, 1.8741039410740227e-11, 1.8740688943528414e-11, 1.0408731325103035e-11, 1.0408537354478556e-11, -7.623337697978774e-12, -7.629026319800431e-12, -7.42895641537035e-12, -7.406992844797132e-12, -2.082759778135388e-12, -2.083023154549045e-12, 2.491403223154145e-11, 2.4913565312464592e-11, 1.682154853871553e-11, 1.682122107055129e-11, -2.45261620102783e-12, -2.4527722518362856e-12, -8.44475005781495e-12, -8.44457646507709e-12, -1.4594852324366163e-11, -1.4594572057493616e-11, 1.06914090158107e-11, 1.0685363233763693e-11, -1.0951454916120978e-11, -1.0962227105960954e-11, 6.628200597099883e-12, 6.598421819690392e-12, 5.639309213924245e-12, 5.639205614485803e-12, 1.0321829543694841e-11, 1.0321638204794832e-11, -4.351832119267546e-12, -4.351755926418881e-12, 6.178042525811201e-12, 6.177884234612578e-12, 2.968808280047125e-12, 2.9687534282350672e-12]
 
T = 26, number of trajectories = 1000, order = 1
status = Local solver failed or obtained local optimum with Ipopt.
optimum = 0.1603480184336972
G = [0.10791927600001157, -0.8151757043462388, -1.0239049078892974, -3.3090935354562356]
Fdash = [-1.0441004587933342, 0.5033548078738252]
ms = [-0.8645304281429493, -1.6823916725513735, 0.19098179531648737, 2.1530906815742332, -2.872345734824057, 0.2507957699494383, 1.7364456244684703, -0.5117130150771579, 0.9999472793252364, 0.7154075740302516, -0.038268944367529124, 0.21988985031216882, 0.7947002848868132, 1.3962360703230843, 1.8529772082035776, -0.5505200118237243, 1.530319049960656, -1.280203081947477, 0.47448572221030644, -1.1397590183599409, 0.8285991067931081, -0.4471318539131081, -1.7606407477307076, -0.5561400709475223, -1.3764840291000258, -0.5461436258584453, 0.4319910141103588, 1.2956724052363775, 1.1440379884231633, 1.7757552291882037, -0.20294002270674433, -0.4765859853349779, 0.7747174732533859, -0.49720771481944265, 0.9998154377933723, 1.9127715866515498, 0.7295485272260818, -0.49672413380232056, -1.1869345013263668, 1.004374991173787, -1.464458096521097, -0.43751222729826544, -1.8020007925618093, 0.8531907377275959, 1.316687884829699, -1.47154143462841, 0.3711409256114616, -1.1912171552809676, 0.8380742386323052, 1.2061370330509482, -0.17876474888088698, -1.2251418141617971, 0.042531927966597334, 1.0379513088067966]
fs = [0.9731667900164521, 0.5086562917854791, -0.1818614266956952, -0.6055036653332524, -3.145529677621774, -0.7971156566740181, 1.4703179278045149, -0.22872399155852932, -0.7823629899705508, -0.9039265231708212, -1.2386015895385314, 2.1567533728038444, 0.3432395519601811, -0.5126648108597407, 0.5355492937674745, 0.10894859770177247, -0.3223207847928816, 0.9532334842734157, 0.3469283860121867, 1.46631591652795, -0.7708391967932511, -0.7453530802073209, 0.13807308164103424, -0.3919127733126502, -1.5588958429983344, -0.9225137765035356]
process noise = [-1.0347466721498804, 0.24800141406112328, 1.4630142696660962, -1.122935124754085, 1.3549860275100916, 0.2698561442341329, 0.21663888719648206, -1.0560848628833188, 0.88936991760182, 0.6734468117700085, 1.9167493988586497, 0.1052504109363092, -0.672632165063861, -0.17597215202154465, -0.19813149351725062, 1.3168926976981123, -0.7028813317477443, -0.8909951080168246, -0.4809464687129744, 1.2132190416465283, -0.7800686094894209, -1.118734309971637, 1.29737849254655, 0.4141521320648784, 0.9487764303226739, -0.8854798731539381, -0.8802668141423347, 1.8424669453748557, 0.5889058847840661, -0.42078294304381847, -0.3974965082747927, 1.475503540303927, -0.11691522890590161, 0.4835192456010966, 0.7396655030142857, 1.4291937742492855, -0.22264991777831636, -1.359837757016, 0.4547533024982068, 1.8850187578809527, -0.7644842668988082, 1.067630104676635, 1.7537365311232742, 0.42711492139433355, -0.10227060136820075, -0.44686301793426897, -0.33094993667177197, 1.016661059198132, 1.1780124552244011, 1.1950308567672787, -1.106113502074737, -0.0031010023025085784]
observation noise = [-0.8854798731539381, -0.8802668141423347, 1.8424669453748557, 0.5889058847840661, -0.42078294304381847, -0.3974965082747927, 1.475503540303927, -0.11691522890590161, 0.4835192456010966, 0.7396655030142857, 1.4291937742492855, -0.22264991777831636, -1.359837757016, 0.4547533024982068, 1.8850187578809527, -0.7644842668988082, 1.067630104676635, 1.7537365311232742, 0.42711492139433355, -0.10227060136820075, -0.44686301793426897, -0.33094993667177197, 1.016661059198132, 1.1780124552244011, 1.1950308567672787, -1.106113502074737, -0.0031010023025085784, 0.5323333230269779, 0.315075636294854, 0.30699444897063244, 2.320139888273405, -1.8513353387454112, -0.09896523176419834, 1.2891019034207358, 2.1131008139353984, 0.31249897752714456, 0.7276016471966377, -0.12245990633668875, 0.279522670693441, -0.27417360348965003, 0.9795025759377707, 0.02785172910158695, 1.635772532011611, -0.8799730740267737, 0.8899591378539499, 0.07270539530240666, -1.1316708978211574, 1.0368016543262444, 0.7765270316313796, -0.9119602570546619, -0.6800107523309424, 0.7135464555696155, 0.5653107420130621]
 
T = 27, number of trajectories = 1, order = 1
status = Global optimum!
optimum = 2.939113173898216e-10
G = [9.999999848834475e-11, 9.999999848046113e-11, 9.999999848756264e-11, 9.999999847961358e-11]
Fdash = [-1.05795996091968e-9, -1.0579664439666275e-9]
ms = [9.999999999589314e-11, 9.999999999574621e-11, -1.6922508741841714e-12, -1.6922381273535865e-12, 6.588472650314556e-12, 6.58863772017509e-12, 9.690518579329058e-12, 9.69061735334062e-12, 2.6252526533935228e-11, 2.624741767681904e-11, 3.9914992992819666e-11, 3.996649747887924e-11, 3.94631351332964e-11, 3.942759168537539e-11, 2.9532717587283325e-11, 2.9533332275822824e-11, 7.62631694630457e-12, 7.626395818920621e-12, 2.4512192099967343e-11, 2.4512437439928198e-11, 1.3622486953214561e-11, 1.3622625477849867e-11, -1.0024269419708806e-11, -1.0024364378977396e-11, -9.77254860665435e-12, -9.78988292445229e-12, -2.6930727727617195e-12, -2.689773288563441e-12, 3.2629158881195694e-11, 3.261493683171046e-11, 2.1997473757563312e-11, 2.1997567153072344e-11, -3.2317835203006127e-12, -3.2318324653762958e-12, -1.1062225499130388e-11, -1.1062342895580103e-11, -1.90711929447633e-11, -1.9071061710941558e-11, 1.3894743424432984e-11, 1.3894887123482487e-11, -1.432216719096624e-11, -1.4327998890153732e-11, 8.595813695278002e-12, 8.595596237868058e-12, 7.339397201890056e-12, 7.354568671833902e-12, 1.3444016313228375e-11, 1.3444165254172266e-11, -5.769168063331207e-12, -5.7692118310223495e-12, 8.056992542854474e-12, 8.05707792130131e-12, 3.852787161202259e-12, 3.8529945260497826e-12, 2.950123759819296e-11, 2.950153441633158e-11]
fs = [0.00034009638836877764, -0.001263215125526077, -0.0018462375141156274, -0.005052860701109327, -0.007676461698518538, -0.007579291250668971, -0.005684468164369866, -0.001457556021225099, -0.004712764183387326, -0.0026236007984041815, 0.0019434079619650771, 0.00189482278779161, 0.0005344372144160551, -0.006267490552959431, -0.004226912441652289, 0.0006316075627630168, 0.0021377487581616386, 0.003692475127733742, -0.002672185972577702, 0.0027693562214222037, -0.0016518968174216225, -0.0014089708470515798, -0.0025750156242306007, 0.0011174596030055744, -0.0015547263695720672, -0.0007287780106124979, -0.005684468164369879]
process noise = [0.0003400963261579787, -0.0012632148944573195, -0.0018462371763996682, -0.005052859776832036, -0.007676460294323539, -0.007579289864248804, -0.0056844671245572615, -0.0014575557546072637, -0.004712763321321292, -0.0026236003184918334, 0.0019434076064745694, 0.0018948224411883716, 0.0005344371166562101, -0.006267489406498619, -0.004226911668459358, 0.00063160744722866, 0.00213774836712206, 0.003692474452301123, -0.0026721854837780763, 0.002769355714848069, -0.001651896515254727, -0.0014089705893210022, -0.002575015153205531, 0.0011174593985985959, -0.0015547260851797075, -0.000728777877303614, -0.005684467124557289, -1.6922510537363554e-12, -1.6922383069057706e-12, 6.588472503544319e-12, 6.588637573404853e-12, 9.690518438579204e-12, 9.690617212590765e-12, 2.625252642362052e-11, 2.62474175665044e-11, 3.9914992902183425e-11, 3.996649740316372e-11, 3.946313503050005e-11, 3.942759159277572e-11, 2.953271747850117e-11, 2.9533332167040676e-11, 7.626316797904204e-12, 7.626395670520258e-12, 2.4512191986421042e-11, 2.4512437326381897e-11, 1.3622486815587067e-11, 1.3622625340222374e-11, -1.0024269600597309e-11, -1.0024364559865898e-11, -9.772548777033082e-12, -9.789883094830845e-12, -2.6930729351657913e-12, -2.689773437886616e-12, 3.2629158645414613e-11]
observation noise = [-0.005684467124557289, -1.6922510537363554e-12, -1.6922383069057706e-12, 6.588472503544319e-12, 6.588637573404853e-12, 9.690518438579204e-12, 9.690617212590765e-12, 2.625252642362052e-11, 2.62474175665044e-11, 3.9914992902183425e-11, 3.996649740316372e-11, 3.946313503050005e-11, 3.942759159277572e-11, 2.953271747850117e-11, 2.9533332167040676e-11, 7.626316797904204e-12, 7.626395670520258e-12, 2.4512191986421042e-11, 2.4512437326381897e-11, 1.3622486815587067e-11, 1.3622625340222374e-11, -1.0024269600597309e-11, -1.0024364559865898e-11, -9.772548777033082e-12, -9.789883094830845e-12, -2.6930729351657913e-12, -2.689773437886616e-12, 3.2629158645414613e-11, 3.2614936733251634e-11, 2.1997473636731036e-11, 2.199756703224007e-11, -3.2317836882849264e-12, -3.2318326333606104e-12, -1.106222567490275e-11, -1.1062343071352468e-11, -1.9071193132185904e-11, -1.907106189836416e-11, 1.3894743294940155e-11, 1.3894886993989657e-11, -1.4322167377839937e-11, -1.4327999077027373e-11, 8.595813554290095e-12, 8.595596058370104e-12, 7.339396928287195e-12, 7.354568528008646e-12, 1.344401617942136e-11, 1.3444165120365253e-11, -5.769168231890348e-12, -5.76921199958149e-12, 8.05699240073871e-12, 8.057077779185545e-12, 3.852787010581353e-12, 3.852994375428878e-12, 2.950123749652992e-11, 2.950153431466855e-11]
 
T = 27, number of trajectories = 1000, order = 1
status = Local solver failed or obtained local optimum with Ipopt.
optimum = 0.16675563823206743
G = [0.4321974513089641, 0.05822031190209127, 1.8811383196933795, 1.4501323711107876]
Fdash = [1.172780097269952, 0.9173386463916491]
ms = [0.2875970434641464, 1.5604992071345007, 0.12647708586810194, 0.14194336567368296, 1.464788288098507, 2.902545174691422, -0.8087315018485935, 1.1474817282827077, -0.559985411693667, -0.52289642227453, 1.118432192507108, -0.37345109476709476, -0.9757239558574499, 0.6471996051496665, -0.5731070650525257, 0.14819530794467417, -1.9232942858379367, -1.8721263397935426, 0.26554424291757284, 0.6463505716135843, 1.6433318599417155, -0.9569283272226874, 0.5076331722211386, 1.4369113835567195, 0.26390996911322, 0.879309671688021, 1.616649206733194, 0.11307581199001865, 0.37722668626530237, 0.4843562845530347, 0.6055590415726312, 0.20611658897347873, -0.2221297518710563, -1.1999206664107132, 0.09909622803647547, 1.3132925885864786, 0.6303967782575314, -1.1279651402747248, 1.0761310387689205, 0.2593342861323152, -0.40326461823998927, -0.504809082971822, 0.48397048364693634, -0.5839049433283184, -0.8734704486718629, 1.0943826523479476, 0.7746508526339486, 1.3653978719778308, 1.757911641061941, 0.7558795707736999, 0.9697848766337283, 0.40726744116338987, 0.04105053626962958, 0.10463839099659959, -1.7916199792539884, -2.118397533667058]
fs = [-1.488727040699949, 1.075869934164238, -0.03951689232821515, 0.41574576685574016, -0.07503679560337213, 1.6990695720232396, 1.3888987339217558, 0.665970012854826, 0.5322292852981967, 0.662835298907956, 0.0703832477346321, -2.057051464745802, -1.2887604426841348, 0.7640269473342403, -0.05094064989142201, 0.6655944844084823, -1.0548961728047932, 0.22662516694458823, -0.004959412445634501, 0.41317357191225157, 0.6881358440195021, -0.08532497521622201, -2.2087632345179258, -0.39204847172842955, -1.0233661016567972, -0.3365441129060437, 0.13562385591889436]
process noise = [-0.1478315489905654, 0.21494152188685373, -1.5466028417584088, -1.087660759012049, -0.23466859329600218, -0.2982643374207231, 0.9459100291762994, -0.5598156287258504, -0.07651611365999329, 1.4461991829522567, 1.3283052570502853, 0.37461168387319943, -2.4619318839742452, 0.5068308024203705, -0.4400482434220333, -0.7923806608690931, -0.6729098505237111, 1.6202355833010482, -0.002579097848443557, 1.589195403776433, -0.32557806796235705, -0.6829213394038954, 1.9449688884537726, 0.016028050003988242, 1.3813772170295968, -0.4327981230662405, -0.11558799713991953, -0.14780021564524656, -0.8750711411273472, 0.8468531041956266, -0.33635094792647263, 0.3072415967034844, 0.23091529670677277, -0.6982783782597866, 0.9896075997817227, 0.08740783083078574, 1.8273068043591092, 0.28107295851230074, -0.8519373043138588, 1.1222651912368933, -0.35838669312589344, 1.125432107377807, -0.299385772138724, -0.3573742117266337, -1.0319405996287485, 0.39999525980652867, -0.9353312246966188, 0.4709773242367762, -0.690658554955889, 0.3572525677103649, 0.30874450882140414, -1.546526209766026, -0.6542493808663277, 0.1121956007680641]
observation noise = [-0.11558799713991953, -0.14780021564524656, -0.8750711411273472, 0.8468531041956266, -0.33635094792647263, 0.3072415967034844, 0.23091529670677277, -0.6982783782597866, 0.9896075997817227, 0.08740783083078574, 1.8273068043591092, 0.28107295851230074, -0.8519373043138588, 1.1222651912368933, -0.35838669312589344, 1.125432107377807, -0.299385772138724, -0.3573742117266337, -1.0319405996287485, 0.39999525980652867, -0.9353312246966188, 0.4709773242367762, -0.690658554955889, 0.3572525677103649, 0.30874450882140414, -1.546526209766026, -0.6542493808663277, 0.1121956007680641, 0.8117166264934911, -0.028343797860632645, 0.8278320747750678, 0.724676013895938, -0.3137778332781081, -0.6397664289245135, 1.7173239273181438, -1.3981445447181309, 0.650962877511184, -0.6113888549942107, 0.2776726109717098, 0.3931447529340967, 0.3324074642937498, 1.6855003172736205, -0.8826322255874613, 0.6778888993213419, -0.7846411013857834, -1.2332953143157515, -2.009510548711599, -1.8015013677246439, -0.06933493943111457, 0.6901437045891289, 0.3486971239986985, 1.90030145368958, 1.0315860199659563, 1.8890433440068026, -0.19442461293230415]
 
T = 28, number of trajectories = 1, order = 1
status = Global optimum!
optimum = 2.1637067808937096e-8
G = [9.999999842942434e-11, 9.999999842101861e-11, 9.999999842954335e-11, 9.999999842027655e-11]
Fdash = [-1.040316847910111e-9, -1.0402923233533748e-9]
ms = [9.999999999647328e-11, 9.999999999632637e-11, -1.6926204059935148e-12, -1.6925986595687723e-12, 6.464468425707442e-12, 6.4640679743778556e-12, 9.40898743300385e-12, 9.4087756888242e-12, 2.589851373526662e-11, 2.58979317781923e-11, 3.929114717400318e-11, 3.9286175402957284e-11, 3.8761673917336785e-11, 3.876682928976351e-11, 2.912487834656314e-11, 2.908456851449047e-11, 7.535471258044555e-12, 7.535304355619118e-12, 2.4102858724154118e-11, 2.4102316055136886e-11, 1.3495608859956103e-11, 1.3495307375513257e-11, -9.850102466564679e-12, -9.849876686173175e-12, -9.577154777523477e-12, -9.57693457951058e-12, -2.6902659771124704e-12, -2.6942897857845354e-12, 3.2076830297257214e-11, 3.208136052331791e-11, 2.1628234325894846e-11, 2.165249759232705e-11, -3.2159418746186007e-12, -3.2158595665823223e-12, -1.0827863986338208e-11, -1.0827624584419932e-11, -1.8805793009684416e-11, -1.8805042894837206e-11, 1.3623843414110274e-11, 1.3623546177186573e-11, -1.4064919330362823e-11, -1.4064585896366152e-11, 8.482435919414772e-12, 8.478158162528259e-12, 7.258391731962766e-12, 7.224931783899544e-12, 1.324493360080161e-11, 1.3222545819715554e-11, -5.68595013857844e-12, -5.685808693120361e-12, 7.987729947699266e-12, 7.987550510880421e-12, 3.721313996914289e-12, 3.721230551267228e-12, 2.9085271907688396e-11, 2.908467891492887e-11, -2.725211783881652e-12, -2.7251389313038288e-12]
fs = [0.0003400963883688222, -0.0012632151255261767, -0.0018462375141157178, -0.005052860701109602, -0.007676461698518939, -0.007579291250669441, -0.0056844681643702655, -0.0014575560212251924, -0.004712764183387591, -0.002623600798404309, 0.001943407961965195, 0.0018948227877917225, 0.0005344372144160688, -0.006267490552959824, -0.004226912441652513, 0.0006316075627630394, 0.002137748758161739, 0.003692475127733986, -0.002672185972577861, 0.0027693562214223763, -0.0016518968174217337, -0.0014089708470516596, -0.002575015624230844, 0.0011174596030056319, -0.0015547263695721374, -0.0007287780106125862, -0.0056844681643702195, 0.0005344372144160685]
process noise = [0.00034009632615368486, -0.0012632148944418122, -0.0018462371763768328, -0.0050528597767687915, -0.007676460294226193, -0.007579289864152742, -0.0056844671244861466, -0.0014575557545893527, -0.004712763321262338, -0.0026236003184592007, 0.0019434076064505337, 0.0018948224411649299, 0.0005344371166495092, -0.006267489406420037, -0.004226911668406492, 0.000631607447220776, 0.002137748367095538, 0.003692474452255036, -0.0026721854837448676, 0.002769355714813599, -0.0016518965152343497, -0.0014089705893036992, -0.002575015153173608, 0.0011174593985848092, -0.0015547260851605468, -0.0007287778772945994, -0.005684467124486097, 0.000534437116649509, -1.692620585546252e-12, -1.6925988391215097e-12, 6.4644682789391646e-12, 6.46406782760958e-12, 9.408987292667567e-12, 9.408775548487919e-12, 2.5898513625782774e-11, 2.5897931668708462e-11, 3.929114708459994e-11, 3.928617531355409e-11, 3.876167381986467e-11, 3.876682921137552e-11, 2.912487825023369e-11, 2.9084568400644863e-11, 7.535471109923436e-12, 7.535304207498e-12, 2.410285861140215e-11, 2.410231594238492e-11, 1.349560872279687e-11, 1.349530723835403e-11, -9.850102641454361e-12, -9.849876861062858e-12, -9.577154948131995e-12, -9.576934750119098e-12, -2.690266139750183e-12, -2.694289948422206e-12, 3.207683019938253e-11, 3.2081360413883365e-11]
observation noise = [0.000534437116649509, -1.692620585546252e-12, -1.6925988391215097e-12, 6.4644682789391646e-12, 6.46406782760958e-12, 9.408987292667567e-12, 9.408775548487919e-12, 2.5898513625782774e-11, 2.5897931668708462e-11, 3.929114708459994e-11, 3.928617531355409e-11, 3.876167381986467e-11, 3.876682921137552e-11, 2.912487825023369e-11, 2.9084568400644863e-11, 7.535471109923436e-12, 7.535304207498e-12, 2.410285861140215e-11, 2.410231594238492e-11, 1.349560872279687e-11, 1.349530723835403e-11, -9.850102641454361e-12, -9.849876861062858e-12, -9.577154948131995e-12, -9.576934750119098e-12, -2.690266139750183e-12, -2.694289948422206e-12, 3.207683019938253e-11, 3.2081360413883365e-11, 2.162823434310173e-11, 2.165249746582601e-11, -3.2159420427237163e-12, -3.2158597346874383e-12, -1.0827864162693858e-11, -1.082762476077558e-11, -1.8805793197735414e-11, -1.8805043082888207e-11, 1.3623843285146314e-11, 1.3623546048222616e-11, -1.4064919517762073e-11, -1.4064586083765403e-11, 8.482435778375258e-12, 8.478158021488786e-12, 7.2583915883544956e-12, 7.2249315626415005e-12, 1.324493337505058e-11, 1.3222545686316158e-11, -5.685950307291521e-12, -5.685808861833443e-12, 7.987729805761763e-12, 7.98755036894292e-12, 3.721313846309138e-12, 3.721230400662079e-12, 2.908527180085138e-11, 2.9084678808091857e-11, -2.7252119540581414e-12, -2.725139101480318e-12]
 
T = 28, number of trajectories = 1000, order = 1
status = Global optimum!
optimum = 0.173615184540892
G = [1.4109355710331102, 0.7096963771591064, -1.9218186360265201, -0.194914457199442]
Fdash = [-0.0012489120009717117, -0.00048658676756162315]
ms = [-0.0018329734961639588, 0.15325625324807085, 0.10617997014607224, -0.026348408342734442, 0.1311102214599904, -0.19891880936224995, 0.04381852237976812, -0.21318697969670874, -0.08946169981034564, -0.042643802121349446, -0.1564747626009689, 0.1802529284344335, -0.09284215818680297, 0.2655894035199563, 0.0574968069058728, 0.12666407888522363, 0.17102026935085263, -0.13517926732955277, 0.14537051894742403, -0.30231011765000965, -0.00942754127461583, -0.22043906155351423, -0.1697354545003246, 0.061094125750849305, -0.19612061549927254, 0.31429832925795465, -0.05365493619644906, 0.3156507161058837, 0.148312977988309, 0.04159526234702767, 0.23878460538764373, -0.29312973574115814, 0.12888594612091495, -0.4017552508553079, -0.10326417480022726, -0.16937823522227685, -0.26589861105811635, 0.23147640545093753, -0.21088383616738846, 0.4658967190122358, 0.03310539748679803, 0.3144770497910772, 0.2698987076268176, -0.12491122974598867, 0.29216737122656145, -0.4943422384874953, 0.061401881391327226, -0.4651325627607767, -0.24346637069667357, -0.02733646226079921, -0.3629120443771908, 0.4732350963876725, -0.1761834453178972, 0.6052222012164014, 0.18095366270226906, 0.22063671860722014, 0.4119088307249748, -0.3907602404440536]
fs = [-0.002227352312039338, -0.0022908104815375324, -0.0022511988058931337, -0.0022180853755968373, -0.0024078542034252667, -0.0023616892309632777, -0.0023265575349370685, -0.0022375113858829937, -0.0022824082367694214, -0.0022956143013971356, -0.001829467071916271, -0.001670717383999364, -0.0018811615676153565, -0.0018055575512451463, -0.0018879096872266648, -0.001982444759083937, -0.0019019607710926282, -0.0019405276182438399, -0.001818261397977159, -0.0017600551775350868, -0.0018999874128677323, -0.0018373756330215896, -0.0019033375063304953, -0.001786874317256147, -0.001908696155481818, -0.001857481754921122, -0.001914984296684781, -0.0019552597002865076]
process noise = [-0.0021075636356479564, -0.0022238565795400186, -0.002300207267110051, -0.0023505650840851644, -0.002515568738496197, -0.002348408655154471, -0.002193116022260472, -0.0020896985479680052, -0.002247953350094769, -0.002414651202174968, -0.0020117241066469342, -0.0017627213647764446, -0.0017945804087670528, -0.0016000879766917718, -0.0017323217764214174, -0.0020169663411185096, -0.0021133458319197657, -0.0021599782175412, -0.001854937558283815, -0.0015656890713419908, -0.001623687831026485, -0.0017130246913176165, -0.002052979317516932, -0.0021042439472654167, -0.002131671426456139, -0.0017830262559473077, -0.0015816301740235912, -0.001630960564684317, 7.718058836981155e-7, 8.269182895933816e-7, -3.50263308506391e-6, 4.148180159521953e-6, 2.406530934935665e-6, 1.0936788084047644e-5, 1.1213766454631902e-5, 1.4229408250523707e-5, 1.4081258143305068e-5, 1.187519725857889e-5, 8.79911319003329e-6, 7.190422327680817e-6, 3.2743732638722568e-6, 5.501989233192147e-6, 2.9437570060398357e-6, 7.826372309962102e-6, 8.174831637600392e-6, 1.142905321209009e-5, 1.2416608436344179e-5, 1.2098617755515462e-5, 1.0999913896673813e-5, 9.341490621511683e-6, 6.894132528282231e-6, 5.698238371670117e-6, 2.231854253075012e-6, 3.7510116761424546e-6, 4.6843949094275734e-7, 5.094756914249358e-6]
observation noise = [-0.001630960564684317, 7.718058836981155e-7, 8.269182895933816e-7, -3.50263308506391e-6, 4.148180159521953e-6, 2.406530934935665e-6, 1.0936788084047644e-5, 1.1213766454631902e-5, 1.4229408250523707e-5, 1.4081258143305068e-5, 1.187519725857889e-5, 8.79911319003329e-6, 7.190422327680817e-6, 3.2743732638722568e-6, 5.501989233192147e-6, 2.9437570060398357e-6, 7.826372309962102e-6, 8.174831637600392e-6, 1.142905321209009e-5, 1.2416608436344179e-5, 1.2098617755515462e-5, 1.0999913896673813e-5, 9.341490621511683e-6, 6.894132528282231e-6, 5.698238371670117e-6, 2.231854253075012e-6, 3.7510116761424546e-6, 4.6843949094275734e-7, 5.094756914249358e-6, 4.543223872714473e-6, 8.42783058704264e-6, 9.363322782384793e-6, 1.0230100796458211e-5, 1.0303613513599784e-5, 9.270020351958975e-6, 7.605420664637871e-6, 7.121753066225447e-6, 4.006610009823316e-6, 5.910646400320551e-6, 3.6905644695165267e-6, 6.570682802343625e-6, 5.901816715479832e-6, 7.465262712764868e-6, 6.7306355475160005e-6, 7.123989098065481e-6, 5.440501723554894e-6, 5.6864792478953506e-6, 2.4270977305785557e-6, 5.755442893509693e-6, 3.90831671897346e-6, 8.615379937037016e-6, 8.832725892014716e-6, 1.1432886854472606e-5, 1.314464393821199e-5, 1.0646803162650542e-5, 9.787093533242564e-6, 5.166660382250934e-6]
 
T = 29, number of trajectories = 1, order = 1
status = Global optimum!
optimum = 3.3707850672992117e-9
G = [9.999999839300265e-11, 9.999999838140307e-11, 9.999999839392066e-11, 9.999999838167358e-11]
Fdash = [-1.1296784915040959e-9, -1.1296369036056012e-9]
ms = [9.999999999421652e-11, 9.999999999474967e-11, -1.86923876832637e-12, -1.8691722817213275e-12, 7.022523491844148e-12, 7.02222629593065e-12, 1.0287166695941274e-11, 1.0286860016829669e-11, 2.8133686211585846e-11, 2.813283970226965e-11, 4.2621764066751124e-11, 4.262047587144976e-11, 4.2083059438458096e-11, 4.2076019702965085e-11, 3.156830902944577e-11, 3.153568572526477e-11, 8.142031549439085e-12, 8.151004921156571e-12, 2.6216654624167848e-11, 2.6215865355938753e-11, 1.4680457876627725e-11, 1.468002030692805e-11, -1.0730247731336657e-11, -1.0729916440491583e-11, -1.0460725591813195e-11, -1.0460402476676683e-11, -2.947008997020319e-12, -2.9469148820803417e-12, 3.483899917678489e-11, 3.482062983211053e-11, 2.3485016943012025e-11, 2.349076817331704e-11, -3.5035448532592308e-12, -3.485990724697115e-12, -1.1808260562888335e-11, -1.1807875377957338e-11, -2.037963701278685e-11, -2.0378999215904776e-11, 1.4950375093692112e-11, 1.4898948545341468e-11, -1.5291275652230613e-11, -1.5290803998374673e-11, 9.209304257646977e-12, 9.209029574934423e-12, 7.83121991950975e-12, 7.825218276091543e-12, 1.4354593070679161e-11, 1.4393982137033562e-11, -6.081976963636654e-12, -6.117956767845152e-12, 8.690498976303757e-12, 8.690240691490324e-12, 4.121097472036639e-12, 4.120988925900855e-12, 3.1574093823900484e-11, 3.1573138406771575e-11, -2.9471923293884337e-12, -2.946855698168159e-12, 1.2981618604700676e-11, 1.2981224912759021e-11]
fs = [0.0003400963883687684, -0.001263215125526048, -0.0018462375141156079, -0.005052860701109339, -0.0076764616985184955, -0.007579291250668993, -0.005684468164369897, -0.001457556021225081, -0.004712764183387335, -0.002623600798404127, 0.0019434079619651207, 0.0018948227877915837, 0.0005344372144159848, -0.006267490552959425, -0.0042269124416522245, 0.000631607562763047, 0.0021377487581615844, 0.0036924751277337014, -0.0026721859725776387, 0.0027693562214221403, -0.0016518968174215286, -0.0014089708470515939, -0.002575015624230649, 0.001117459603005551, -0.0015547263695720541, -0.0007287780106125038, -0.005684468164369855, 0.0005344372144160487, -0.002332089554358125]
process noise = [0.0003400963261599212, -0.0012632148944606142, -0.0018462371764034423, -0.005052859776836142, -0.007676460294328161, -0.00757928986425344, -0.00568446712456139, -0.0014575557546107497, -0.004712763321325435, -0.002623600318495885, 0.0019434076064784615, 0.0018948224411921629, 0.0005344371166584953, -0.0062674894065027215, -0.004226911668463421, 0.0006316074472312106, 0.0021377483671259395, 0.0036924744523052547, -0.0026721854837821334, 0.0027693557148521326, -0.001651896515258284, -0.0014089705893244845, -0.0025750151532096775, 0.0011174593986017416, -0.0015547260851832788, -0.000728777877306291, -0.00568446712456133, 0.0005344371166585592, -0.0023320891277734657, -1.8692389480705075e-12, -1.869172461465465e-12, 7.022523344719455e-12, 7.022226148805956e-12, 1.0287166554521537e-11, 1.0286859875409931e-11, 2.8133686099012136e-11, 2.8132839589695936e-11, 4.262176397243492e-11, 4.262047577713355e-11, 4.20830593420199e-11, 4.207601960652695e-11, 3.156830891761056e-11, 3.1535685583474695e-11, 8.14203144642527e-12, 8.151004771576023e-12, 2.6216654508188867e-11, 2.6215865239959766e-11, 1.46804577372997e-11, 1.4680020167600027e-11, -1.0730247911656987e-11, -1.0729916620811911e-11, -1.0460725761274132e-11, -1.0460402646137619e-11, -2.9470091590937097e-12, -2.9469150441537327e-12, 3.4838999075270466e-11, 3.482062973059628e-11, 2.348501681960367e-11]
observation noise = [-0.0023320891277734657, -1.8692389480705075e-12, -1.869172461465465e-12, 7.022523344719455e-12, 7.022226148805956e-12, 1.0287166554521537e-11, 1.0286859875409931e-11, 2.8133686099012136e-11, 2.8132839589695936e-11, 4.262176397243492e-11, 4.262047577713355e-11, 4.20830593420199e-11, 4.207601960652695e-11, 3.156830891761056e-11, 3.1535685583474695e-11, 8.14203144642527e-12, 8.151004771576023e-12, 2.6216654508188867e-11, 2.6215865239959766e-11, 1.46804577372997e-11, 1.4680020167600027e-11, -1.0730247911656987e-11, -1.0729916620811911e-11, -1.0460725761274132e-11, -1.0460402646137619e-11, -2.9470091590937097e-12, -2.9469150441537327e-12, 3.4838999075270466e-11, 3.482062973059628e-11, 2.348501681960367e-11, 2.3490768078017758e-11, -3.503545038110221e-12, -3.4859908925894156e-12, -1.1808260738021137e-11, -1.180787555309014e-11, -2.037963719812039e-11, -2.037899940123831e-11, 1.495037496329583e-11, 1.489894841494571e-11, -1.5291275838143727e-11, -1.5290804184287784e-11, 9.209304116075821e-12, 9.209029433363269e-12, 7.831219774979231e-12, 7.825218131561633e-12, 1.4354592935416983e-11, 1.439398226427277e-11, -6.081976816372902e-12, -6.117956936202391e-12, 8.690498833478019e-12, 8.690240548664586e-12, 4.121097320708392e-12, 4.120988774572608e-12, 3.15740937196572e-11, 3.157313830252829e-11, -2.9471924998686608e-12, -2.9468558686483857e-12, 1.2981618467560113e-11, 1.2981224775618458e-11]
 
T = 29, number of trajectories = 1000, order = 1
status = Global optimum!
optimum = 0.17981067624345035
G = [8.70145156575517, -0.7103430678429397, 84.99908301136453, -6.839793838012505]
Fdash = [-0.0989244801612245, 0.008983362015661248]
ms = [-0.2233477305832716, -2.7272118127503977, -0.006194955161324538, -0.33078560278999725, 0.1811281548059015, 1.7359342094711887, 0.3430454628237385, 3.5222880480412813, 0.4830564575573989, 5.066817015755086, 0.6042341847554188, 6.403361259638538, 0.7091711779248335, 7.561677150566053, 0.7994032053037202, 8.55858984781313, 0.8763342754378848, 9.409558328911974, 0.9412249027886455, 10.12818356351522, 0.9953138565390794, 10.728586489485965, 1.039361252275903, 11.219475983075176, 1.0740309484780757, 11.605872816024343, 1.101387657785985, 11.909876504818763, 1.1235228302461087, 12.155845606459465, 1.1414766125961, 12.35493083296649, 1.1563037426488587, 12.519281963211263, 1.168545788541995, 12.655449277388488, 1.1783480942016562, 12.764655206914368, 1.1860480518948482, 12.850898028530056, 1.1918209921038954, 12.915501150604676, 1.1962231318922352, 12.964318326699091, 1.1998399565429527, 13.004597770150376, 1.2027174820531428, 13.036519811962995, 1.2050647099905794, 13.062768092397983, 1.2068844427785266, 13.082743788491534, 1.2085095252976654, 13.10079154696461, 1.2098350209475328, 13.115478668587734, 1.2109114173134767, 13.12768992113595, 1.2115563063476926, 13.13566446009756]
fs = [-0.0022277062644419383, -0.0022911672137304116, -0.0022515691471178033, -0.0022184650319440977, -0.002408226906669801, -0.0023620388961321116, -0.0023268835449077978, -0.002237829718551944, -0.002282738735784115, -0.0022959622813498366, -0.0018298167509959058, -0.0016710462405548812, -0.0018814582827769055, -0.001805832322480003, -0.0018881903860963447, -0.001982753985094865, -0.0019022960282296072, -0.0019408623563951413, -0.0018185651806303389, -0.0017603209697658426, -0.0019002397681005668, -0.0018376513690388646, -0.0019036562240890887, -0.0017872189818884912, -0.001909025987061874, -0.0018577643495240879, -0.0019152258333104705, -0.001955502159987979, -0.0019164445994779727]
process noise = [0.00013102795018060437, 3.231600122148658e-5, 4.2036358118697635e-5, 5.059247129544257e-5, -0.00015838653602720472, -0.00013693201070682595, -0.00013124791981372546, -7.638590528879156e-5, -0.0001576939826292293, -0.00021383273593833887, 0.00019984049018367025, 0.0003171500434697831, 8.201105842938149e-5, 0.00013771796367602782, 4.297382503655523e-5, -6.124934099139506e-5, 7.006365211727762e-6, -4.2908369100137224e-5, 6.63526323356272e-5, 0.00011532872071863126, -2.7653051933486385e-5, 3.088302421766004e-5, -3.723137261336494e-5, 7.56063685315051e-5, -4.56334255510672e-5, 4.259108001851413e-6, -5.401813774535512e-5, -9.751061519950768e-5, -6.629591158907488e-5, -1.4995841782091953e-6, 1.53529543972592e-7, 6.199785122808948e-5, -5.601952332389327e-6, 7.642863056204741e-5, -6.90663612064107e-6, 9.587553522974009e-5, -8.671102078888598e-6, 0.00012015839683498153, -1.0878390189862603e-5, 3.9965820186859504e-5, -3.599384608523464e-6, -3.0506942409598776e-5, 2.796384742898242e-6, -9.902904475305851e-5, 9.015044969555948e-6, -0.0001408208730374053, 1.280642041895405e-5, -0.00022406428046093117, 2.036332405479553e-5, -0.00033702341560010656, 3.062105352796725e-5, -0.00024365889799054637, 2.2141504913764428e-5, -8.932009385078823e-5, 8.122728920281611e-6, -5.031565833808638e-5, 4.577263155461671e-6, 1.7781971397692158e-5]
observation noise = [-6.629591158907488e-5, -1.4995841782091953e-6, 1.53529543972592e-7, 6.199785122808948e-5, -5.601952332389327e-6, 7.642863056204741e-5, -6.90663612064107e-6, 9.587553522974009e-5, -8.671102078888598e-6, 0.00012015839683498153, -1.0878390189862603e-5, 3.9965820186859504e-5, -3.599384608523464e-6, -3.0506942409598776e-5, 2.796384742898242e-6, -9.902904475305851e-5, 9.015044969555948e-6, -0.0001408208730374053, 1.280642041895405e-5, -0.00022406428046093117, 2.036332405479553e-5, -0.00033702341560010656, 3.062105352796725e-5, -0.00024365889799054637, 2.2141504913764428e-5, -8.932009385078823e-5, 8.122728920281611e-6, -5.031565833808638e-5, 4.577263155461671e-6, 1.7781971397692158e-5, -1.610919212984991e-6, 3.9755131995672525e-5, -3.6105085131268595e-6, 9.93316339436163e-6, -9.055787808306143e-7, 1.4177199618034266e-5, -1.2937048672365102e-6, -6.4779454912054345e-6, 5.802554596310467e-7, 2.764390562519053e-5, -2.520034031530069e-6, 8.720407661679582e-5, -7.93083770614477e-6, 7.596527652297633e-5, -6.9116252638882384e-6, 9.408976800141e-5, -8.55864144864439e-6, 7.827002768281773e-5, -7.122292452004744e-6, 0.00011899671592621262, -1.0821025479853345e-5, 9.935982235546962e-5, -9.037143869399807e-6, 0.00010437881968524811, -9.491636312683697e-6, 7.99340737824425e-5, -7.2692760016991136e-6, 3.279091386736295e-5, -2.9838548424180584e-6]
 
T = 30, number of trajectories = 1, order = 1
status = Global optimum!
optimum = 5.816778308275342e-9
G = [9.999999836293292e-11, 9.999999835717947e-11, 9.999999836203948e-11, 9.99999983568133e-11]
Fdash = [-1.2004235348223987e-9, -1.2004397814172829e-9]
ms = [9.999999999227244e-11, 9.999999999227244e-11, -1.973921817980636e-12, -1.96324160991768e-12, 7.45295110659963e-12, 7.453051747636677e-12, 1.0941568571254426e-11, 1.0941673427116614e-11, 2.987574996129531e-11, 2.987603093374276e-11, 4.5261897893198424e-11, 4.526200580177339e-11, 4.4728826548597043e-11, 4.472892901492948e-11, 3.351721643964498e-11, 3.351170203922798e-11, 8.658512271640568e-12, 8.646406409748666e-12, 2.7774396567407504e-11, 2.781408122582437e-11, 1.548496978659665e-11, 1.5485114980538728e-11, -1.1429945597800369e-11, -1.1430055695549396e-11, -1.111239578615384e-11, -1.1112503140396575e-11, -3.0801518962612517e-12, -3.0801832330009745e-12, 3.6963118440522006e-11, 3.69637870532613e-11, 2.4951955332366614e-11, 2.4946359425106735e-11, -3.670398188012966e-12, -3.672344694121423e-12, -1.2542046763413879e-11, -1.2547694528654386e-11, -2.169679435811981e-11, -2.169715634412654e-11, 1.580255133257726e-11, 1.5802707744173334e-11, -1.6239904226768175e-11, -1.624005893095418e-11, 9.781271297916713e-12, 9.781360993743007e-12, 8.397608192610214e-12, 8.397684459178174e-12, 1.5218204098476573e-11, 1.5212524420391338e-11, -6.4611752962207906e-12, -6.4647334770110466e-12, 9.195972485942664e-12, 9.197278240441526e-12, 4.293618384126444e-12, 4.293657050103938e-12, 3.3517026235381513e-11, 3.3517349160201206e-11, -3.080329162988028e-12, -3.080360325361785e-12, 1.3854452099337888e-11, 1.3854577904795255e-11, 1.149435001111991e-11, 1.1494457425941646e-11]
fs = [0.0003400963883687673, -0.001263215125526042, -0.0018462375141155673, -0.00505286070110925, -0.0076764616985184496, -0.007579291250668959, -0.005684468164369894, -0.0014575560212250448, -0.004712764183387277, -0.0026236007984041213, 0.0019434079619651237, 0.0018948227877916108, 0.0005344372144159966, -0.006267490552959394, -0.0042269124416521925, 0.0006316075627630285, 0.002137748758161567, 0.0036924751277336906, -0.0026721859725776175, 0.002769356221422179, -0.0016518968174215882, -0.0014089708470515427, -0.0025750156242306276, 0.0011174596030055647, -0.001554726369572031, -0.0007287780106125403, -0.005684468164369864, 0.0005344372144159964, -0.0023320895543581153, -0.0019434079619651266]
process noise = [0.0003400963261600556, -0.0012632148944612155, -0.001846237176404239, -0.005052859776838275, -0.007676460294331934, -0.007579289864257194, -0.00568446712456401, -0.001457555754611404, -0.004712763321327416, -0.002623600318497014, 0.001943407606479337, 0.0018948224411930456, 0.000534437116658751, -0.006267489406505768, -0.004226911668465195, 0.0006316074472314932, 0.0021377483671268698, 0.0036924744523068134, -0.002672185483783266, 0.0027693557148533495, -0.0016518965152591122, -0.0014089705893250962, -0.0025750151532107635, 0.0011174593986022958, -0.0015547260851839877, -0.0007287778773066747, -0.00568446712456397, 0.0005344371166587508, -0.0023320891277744736, -0.0019434076064793393, -1.97392194649541e-12, -1.963241789274668e-12, 7.452950958911986e-12, 7.453051599949031e-12, 1.0941568428585894e-11, 1.0941673284448082e-11, 2.9875749846261795e-11, 2.987603081870925e-11, 4.5261897795231075e-11, 4.5262005703806044e-11, 4.4728826448328626e-11, 4.472892891466106e-11, 3.351721632475581e-11, 3.3511701924338865e-11, 8.658512120892049e-12, 8.646406091938695e-12, 2.7774396356163948e-11, 2.7814081107608335e-11, 1.548496964578789e-11, 1.5485114839729963e-11, -1.1429945777119831e-11, -1.1430055874868858e-11, -1.111239595431129e-11, -1.1112503308554028e-11, -3.0801520578171205e-12, -3.0801833945568432e-12, 3.696311833631688e-11, 3.696378694905618e-11, 2.4951955206589204e-11, 2.4946359299329386e-11]
observation noise = [-0.0019434076064793393, -1.97392194649541e-12, -1.963241789274668e-12, 7.452950958911986e-12, 7.453051599949031e-12, 1.0941568428585894e-11, 1.0941673284448082e-11, 2.9875749846261795e-11, 2.987603081870925e-11, 4.5261897795231075e-11, 4.5262005703806044e-11, 4.4728826448328626e-11, 4.472892891466106e-11, 3.351721632475581e-11, 3.3511701924338865e-11, 8.658512120892049e-12, 8.646406091938695e-12, 2.7774396356163948e-11, 2.7814081107608335e-11, 1.548496964578789e-11, 1.5485114839729963e-11, -1.1429945777119831e-11, -1.1430055874868858e-11, -1.111239595431129e-11, -1.1112503308554028e-11, -3.0801520578171205e-12, -3.0801833945568432e-12, 3.696311833631688e-11, 3.696378694905618e-11, 2.4951955206589204e-11, 2.4946359299329386e-11, -3.670398355812253e-12, -3.672344813633195e-12, -1.2542047004377771e-11, -1.2547694702782216e-11, -2.169679454136667e-11, -2.16971565273734e-11, 1.5802551201278562e-11, 1.5802707612874635e-11, -1.6239904411884246e-11, -1.624005911607025e-11, 9.781271155757844e-12, 9.78136085158414e-12, 8.397608047381106e-12, 8.397684313949066e-12, 1.5218203961936716e-11, 1.521252428385154e-11, -6.461175464549891e-12, -6.4647336383531e-12, 9.195972234399517e-12, 9.197278096912833e-12, 4.293618232117892e-12, 4.293656898095386e-12, 3.351702612857939e-11, 3.3517349053399076e-11, -3.0803293334698243e-12, -3.0803604958435813e-12, 1.3854451960867687e-11, 1.3854577766325054e-11, 1.149434986620037e-11, 1.1494457281022107e-11]
 
T = 30, number of trajectories = 1000, order = 1
status = Global optimum!
optimum = 0.18611288399567996
G = [-5.994681745629271, -3.443662740624684, 12.133161170381857, 6.9713226228784855]
Fdash = [-15.769692359614732, 4.511531209458802]
ms = [0.0004035561375132047, -0.0007284570901369607, 8.92009694965555e-5, -0.0001819811996416977, 9.197323083826701e-5, -0.00018636076180140253, 9.034035123542553e-5, -0.00018329100587776575, 8.855184589669995e-5, -0.0001822048692545337, 9.66865068342975e-5, -0.00019583911727186052, 9.481615541009607e-5, -0.00019213849195948962, 9.350704809069259e-5, -0.00018892180393456658, 8.964666292515364e-5, -0.00018267462038567528, 9.158561528240375e-5, -0.00018585404083182382, 9.313333548852802e-5, -0.00018337662021385037, 7.370219870071282e-5, -0.0001479599264782041, 6.655420517616036e-5, -0.00013774899693033883, 7.560658014652271e-5, -0.00015275332355906902, 7.22220053052394e-5, -0.00014781955187800745, 7.552290017214724e-5, -0.00015453975009294542, 7.96889297097521e-5, -0.00016094160578023056, 7.622009403080869e-5, -0.00015523067564818312, 7.811346442739054e-5, -0.00015716238181006555, 7.303874979801079e-5, -0.00014778939847802036, 7.02907472993928e-5, -0.00014448318063463224, 7.633577147765164e-5, -0.00015437142931345684, 7.356406695904824e-5, -0.00015018499036813362, 7.65837496222478e-5, -0.00015426228487485372, 7.140826204506042e-5, -0.00014654047808528787, 7.666290379315072e-5, -0.00015517613481660163, 7.436842764704491e-5, -0.00015183249426286628, 7.672305914977959e-5, -0.00015634056133444416, 7.851559134199154e-5, -0.0001590037462782666, 7.696018422778046e-5, -0.00015578225907013701, 7.510134011043325e-5, -0.0001522360414026588]
fs = [-0.0022276855471292643, -0.002291162104097225, -0.002251562500608133, -0.002218457032775836, -0.0024082519495911316, -0.0023620605469617676, -0.0023269042969779894, -0.0022378417963430683, -0.0022827636693309736, -0.0022959960908479063, -0.0018297851537045782, -0.001670996095068775, -0.001881445315465358, -0.0018058105474813351, -0.0018881835913724272, -0.0019827636693576247, -0.0019022949205131907, -0.001940869140669987, -0.001818554689422801, -0.0017603027348688037, -0.0019002441402761027, -0.0018376464860814265, -0.0019036621107553905, -0.001787207027667492, -0.0019090332022107211, -0.0018577636761922761, -0.0019152343743258993, -0.0019555175776924416, -0.00191645508176143, -0.001871142576714331]
process noise = [1.6173333027457926e-10, -1.5537185149643882e-10, 1.3946543218954478e-10, 1.2890482186891499e-9, -1.1918834682049723e-9, -1.4240926588838703e-10, -3.0053420658829484e-10, 7.500984623136292e-10, -3.861448705406183e-10, -2.6965889310222642e-9, 1.672088181320847e-9, 2.144521126370059e-9, -1.4196069380098968e-9, 7.794423842755547e-10, 2.1609462972424293e-10, -6.859896342041906e-10, 5.518258947071259e-10, -8.470177017954428e-10, 4.088836009672549e-10, 1.1044455137033162e-9, -9.868428489406273e-10, 4.898229400230345e-10, -8.268121354363567e-10, 1.2370489922744371e-9, -8.188094067314042e-10, 5.855467831772285e-10, -1.288054600938566e-11, -4.930409478502388e-10, -1.2887608185284974e-10, 1.0460518309024125e-10, -1.6952111330746667e-7, -8.378075198774174e-8, 2.2778136424177713e-8, -8.469956514998409e-10, -7.301246316351217e-8, -3.60442011328525e-8, -1.0789072843703373e-6, -5.381751360505309e-7, 7.452155401231646e-8, -4.400844239687239e-8, 1.7121667579781988e-8, 6.206297927865152e-9, 2.395583187951403e-7, 1.179166423619695e-7, -3.91319900493553e-7, -1.7585971349774237e-7, -8.095480805230062e-8, -6.773677176379999e-8, 2.1413159738960532e-6, 1.0488280792435973e-6, 5.196703285080613e-7, 4.158847116534671e-7, -1.1486555839259824e-6, -5.13269642925702e-7, 2.1677072002806503e-7, 2.6477049264443427e-8, -5.715376918110998e-7, -2.736740921430389e-7, -5.698461340025286e-7, -3.2319440096437443e-7]
observation noise = [1.0460518309024125e-10, -1.6952111330746667e-7, -8.378075198774174e-8, 2.2778136424177713e-8, -8.469956514998409e-10, -7.301246316351217e-8, -3.60442011328525e-8, -1.0789072843703373e-6, -5.381751360505309e-7, 7.452155401231646e-8, -4.400844239687239e-8, 1.7121667579781988e-8, 6.206297927865152e-9, 2.395583187951403e-7, 1.179166423619695e-7, -3.91319900493553e-7, -1.7585971349774237e-7, -8.095480805230062e-8, -6.773677176379999e-8, 2.1413159738960532e-6, 1.0488280792435973e-6, 5.196703285080613e-7, 4.158847116534671e-7, -1.1486555839259824e-6, -5.13269642925702e-7, 2.1677072002806503e-7, 2.6477049264443427e-8, -5.715376918110998e-7, -2.736740921430389e-7, -5.698461340025286e-7, -3.2319440096437443e-7, 2.419014056808654e-7, 7.333033198256082e-8, -2.987449546504545e-7, -1.3344597572182287e-7, 4.6657682872247497e-7, 2.1005380130913823e-7, 8.987062008904661e-8, 7.701582073096674e-8, -8.02037560311962e-7, -3.8652658782644376e-7, 1.5508539527624526e-7, 1.8470696565189937e-8, -4.3041657415496237e-7, -2.061712757832157e-7, 3.904634245214e-7, 1.6105533265371414e-7, -7.238147912576479e-7, -3.3129888003160944e-7, 9.672437935598165e-8, -3.137066600440032e-9, -4.3613612256649304e-7, -2.129625986568185e-7, -3.217884950009604e-7, -1.9137782098144944e-7, 6.174758049543859e-8, 3.5036739110501153e-9, 8.088970923463933e-8, 4.183033868528243e-8, -8.409642685709817e-9, 2.0265169110660326e-9]
 
T = 31, number of trajectories = 1, order = 1
status = Global optimum!
optimum = 1.730768158843845e-8
G = [9.999999828463586e-11, 9.999999828184723e-11, 9.99999982869791e-11, 9.999999828414996e-11]
Fdash = [-1.1719883394720262e-9, -1.1720152170197432e-9]
ms = [9.999999999266022e-11, 9.999999999265871e-11, -1.8827400227492017e-12, -1.8693694478146238e-12, 7.277246255953744e-12, 7.310940166358644e-12, 1.0716552277969274e-11, 1.0716527724347281e-11, 2.9091372379225175e-11, 2.90917928179104e-11, 4.424775005486909e-11, 4.4247806243601307e-11, 4.3661508808393666e-11, 4.366198283754494e-11, 3.274460369108581e-11, 3.274499034980217e-11, 8.38075628456854e-12, 8.374753844125073e-12, 2.711049961810312e-11, 2.7148922914679586e-11, 1.5109409517785945e-11, 1.5079011089218117e-11, -1.1157546252551636e-11, -1.115735968588314e-11, -1.088998660377938e-11, -1.0890116435528847e-11, -2.9264199452634648e-12, -2.9264570799420123e-12, 3.61811566301096e-11, 3.618158300342101e-11, 2.4410684357076e-11, 2.4410651975448605e-11, -3.657112330838442e-12, -3.663267584158933e-12, -1.2264500652591134e-11, -1.2262275932641772e-11, -2.1133977555012417e-11, -2.112740146797446e-11, 1.534602977295628e-11, 1.5397190787802217e-11, -1.5838057263959857e-11, -1.5838193493124434e-11, 9.55288470131199e-12, 9.501809684046898e-12, 8.113337943295617e-12, 8.113432385392918e-12, 1.481100451438646e-11, 1.4811196539529773e-11, -6.383227396721071e-12, -6.3894231532258e-12, 8.909713742998211e-12, 8.923639271993828e-12, 4.316682192007696e-12, 4.2861971928197565e-12, 3.274482780878138e-11, 3.2744932840801646e-11, -2.926407954882171e-12, -2.9264589602424567e-12, 1.3473645687881873e-11, 1.347381952974687e-11, 1.1302754049156622e-11, 1.1302525437538789e-11, -7.782482643976789e-12, -7.78242412998421e-12]
fs = [0.0003400963883687948, -0.0012632151255260325, -0.0018462375141155615, -0.0050528607011092064, -0.007676461698518393, -0.007579291250668892, -0.005684468164369796, -0.0014575560212250751, -0.0047127641833872224, -0.0026236007984041278, 0.0019434079619651, 0.0018948227877915857, 0.0005344372144160299, -0.006267490552959289, -0.004226912441652166, 0.0006316075627630353, 0.0021377487581615497, 0.0036924751277336875, -0.0026721859725775906, 0.002769356221422182, -0.0016518968174215748, -0.0014089708470515975, -0.0025750156242306233, 0.001117459603005559, -0.0015547263695720708, -0.0007287780106125164, -0.0056844681643697945, 0.0005344372144160304, -0.0023320895543581448, -0.001943407961965099, 0.0013603855733755191]
process noise = [0.0003400963261596095, -0.0012632148944626282, -0.0018462371764071622, -0.005052859776850007, -0.007676460294348984, -0.007579289864274017, -0.005684467124577197, -0.0014575557546133427, -0.004712763321338247, -0.0026236003185021234, 0.0019434076064825067, 0.0018948224411960857, 0.0005344371166586684, -0.006267489406520186, -0.0042269116684747745, 0.0006316074472315525, 0.0021377483671305756, 0.003692474452314919, -0.0026721854837884625, 0.0027693557148588633, -0.0016518965152615, -0.001408970589326942, -0.0025750151532157174, 0.0011174593986033726, -0.0015547260851861693, -0.0007287778773068912, -0.005684467124577176, 0.0005344371166586691, -0.0023320891277787657, -0.0019434076064825067, 0.001360385324537952, -1.8827402019155668e-12, -1.8693695851678312e-12, 7.27724596675109e-12, 7.310940018654159e-12, 1.0716552135911818e-11, 1.0716527582289824e-11, 2.909137226520936e-11, 2.9091792703894574e-11, 4.4247749958417627e-11, 4.424780614714983e-11, 4.3661508709686805e-11, 4.366198273883807e-11, 3.274460357738083e-11, 3.2744990236097186e-11, 8.38075613436152e-12, 8.374753693918114e-12, 2.711049950110423e-11, 2.7148922450707664e-11, 1.5109409322950215e-11, 1.5079010949126175e-11, -1.1157546432180296e-11, -1.1157359865511794e-11, -1.088998677257064e-11, -1.0890116604320104e-11, -2.926420107250655e-12, -2.926457241929202e-12, 3.618115652703812e-11, 3.6181582900349526e-11, 2.4410684232616317e-11, 2.4410651850988916e-11, -3.6571124989142404e-12]
observation noise = [0.001360385324537952, -1.8827402019155668e-12, -1.8693695851678312e-12, 7.27724596675109e-12, 7.310940018654159e-12, 1.0716552135911818e-11, 1.0716527582289824e-11, 2.909137226520936e-11, 2.9091792703894574e-11, 4.4247749958417627e-11, 4.424780614714983e-11, 4.3661508709686805e-11, 4.366198273883807e-11, 3.274460357738083e-11, 3.2744990236097186e-11, 8.38075613436152e-12, 8.374753693918114e-12, 2.711049950110423e-11, 2.7148922450707664e-11, 1.5109409322950215e-11, 1.5079010949126175e-11, -1.1157546432180296e-11, -1.1157359865511794e-11, -1.088998677257064e-11, -1.0890116604320104e-11, -2.926420107250655e-12, -2.926457241929202e-12, 3.618115652703812e-11, 3.6181582900349526e-11, 2.4410684232616317e-11, 2.4410651850988916e-11, -3.6571124989142404e-12, -3.663267752234667e-12, -1.2264500826916097e-11, -1.2262275938653352e-11, -2.1133977682246408e-11, -2.112740165243812e-11, 1.5346029642126563e-11, 1.5397190656972524e-11, -1.5838057449186528e-11, -1.5838193678351098e-11, 9.552884559267402e-12, 9.501809542002833e-12, 8.113337798314118e-12, 8.113432240411418e-12, 1.481100437848489e-11, 1.48111964036282e-11, -6.3832275645855605e-12, -6.389423321090226e-12, 8.909713599842439e-12, 8.923639021698508e-12, 4.316682085040783e-12, 4.2861970414446324e-12, 3.2744827702948466e-11, 3.2744932734968727e-11, -2.9264081255963475e-12, -2.9264591309566325e-12, 1.3473645549769374e-11, 1.3473819391634368e-11, 1.1302753904894942e-11, 1.1302525293277105e-11, -7.782482815558748e-12, -7.782424301566166e-12]
 
T = 31, number of trajectories = 1000, order = 1
status = Local solver failed or obtained local optimum with Ipopt.
optimum = 0.192378907906474
G = [0.32660171258130516, 0.535444478066977, -1.3997800880448386, -1.4269888954032746]
Fdash = [0.6320692565495769, 1.0306695859048043]
ms = [-1.7494230308261396, 0.007089690561301159, 0.3712426277017847, 0.2089881541621835, -1.3942721170811994, 0.5961275427511762, -0.08962929091206141, -0.7617163360426602, -0.9021921011554155, -1.4254469658558224, 0.06276100053005544, -0.08962012603063023, 0.8738856811117552, 1.103216790032371, -0.880882957700711, -0.8132972188047547, 1.4808340945768046, -0.8583297446198102, -1.2907202367017894, -0.8390353119202762, -1.6093453606724075, 1.0726030486554121, -1.3834578019606698, 2.016712262083373, -0.18791885681802747, -1.189245803749647, -1.1256139787342758, 0.540612177768659, -2.16662631092622, -1.5591988712430194, -1.9822895586164893, 1.2358309245146915, 0.4331913291477498, -1.4163690921091838, 0.6308203899609541, 0.11438011713757645, 0.5784614448112597, 0.5094857773287546, -1.1321837183203787, -0.5236400864993653, 0.6704432685972226, 0.9298995739671767, 0.6310135016576692, 0.6715322800869811, -0.6546237690746687, -0.21021134141723766, -1.0301094381870288, -0.07962877494603282, 1.6006715641803597, -1.8838256110247669, -0.7354051214787035, -0.7025141662947255, 1.1683622911688494, 0.22140464163541365, 0.6572808602966841, -1.1940637397276594, -0.4499063391011199, -0.11197768252778806, 0.3545170001300094, -0.17515183677514148, 0.44324780727782465, 1.3017998067477945, -1.6758844959516057, -0.021024628077806154]
fs = [-1.095648056113643, 0.18256298982606167, -1.0658868474268024, 1.1652627548783485, -0.8454936673397903, 1.266723222814118, 1.015577730095833, 0.7636348959951771, 2.331290492452195, 1.7614830227278757, 0.7106954731386423, 1.045637452125758, -0.5302182428851059, -0.13480848282026034, 1.1941165750920313, -0.6505118536060017, -0.21425526110746096, -1.122207240731277, 1.2470863004309534, -0.2212664429329921, -0.9733168728436382, 0.7905690684077576, -1.137376027393867, 1.476319373932891, -0.698628641429553, 2.041444308408745, 0.7504873704760504, -0.9422787513610845, -0.47043165057239544, 0.38937330883592275, 0.6971365884576514]
process noise = [0.39398744949413, -0.529666435342332, 0.22728222454972416, -0.8222731116830185, -1.4396390976430906, -0.3957577791410961, 0.9521571903718888, -0.17685497313253393, -0.46164118097805273, -2.0292431182366335, -0.9124689680466299, -0.1107217522924499, 0.6378653536899215, 1.0265740985814635, 1.3227151231393026, 0.21248628911995246, -0.08254514670318519, 0.6335984561817404, 0.4206337581017249, 0.17781691170464065, 0.49922150279200234, -0.8058650299639615, 1.236458054118448, 0.22235853080290632, 0.21180056238921896, -0.9690249802648396, -0.22062388329424884, -0.6778554712509401, -0.20757205132452136, -0.08176338273039431, 1.5052997167152051, 0.43781784079973646, -1.2748275613007534, 0.06795014317190964, -1.494286268810727, 0.632230696365998, -0.539495278342835, -0.5650088008660569, 0.6998015286052927, 1.4448833955311062, 1.3677374377657059, -0.8397259586144515, -1.2535764293511669, -0.7127680633384433, -0.4976578268059068, 0.4896834690685507, -0.9843860079904403, 0.437430904019937, -1.2250544508044274, -0.7921789703863933, 0.9709322237551299, 1.2063638525944806, -0.9883647787842896, -0.08875250527567086, 0.3786693494023913, 0.34012953553159536, 0.1882601439744304, 0.08689451046233893, 0.03085666581594385, -1.120310224876498, 0.5098228019215587, -0.15317607401488795]
observation noise = [1.5052997167152051, 0.43781784079973646, -1.2748275613007534, 0.06795014317190964, -1.494286268810727, 0.632230696365998, -0.539495278342835, -0.5650088008660569, 0.6998015286052927, 1.4448833955311062, 1.3677374377657059, -0.8397259586144515, -1.2535764293511669, -0.7127680633384433, -0.4976578268059068, 0.4896834690685507, -0.9843860079904403, 0.437430904019937, -1.2250544508044274, -0.7921789703863933, 0.9709322237551299, 1.2063638525944806, -0.9883647787842896, -0.08875250527567086, 0.3786693494023913, 0.34012953553159536, 0.1882601439744304, 0.08689451046233893, 0.03085666581594385, -1.120310224876498, 0.5098228019215587, -0.15317607401488795, 0.3122962343758509, 0.3416621552442054, 0.8317716282446305, -0.8088479373443789, -2.221812822742834, -1.0097171373606046, 0.9774455986637305, 0.356262649966594, 1.6886174137506422, -0.6234271389882777, 0.18175182543522025, 2.763597391620939, -0.02301404214462346, 0.9030817180953643, -0.05659773149585461, 0.8943698346482507, 0.05273224596827314, 0.6887857353680658, -0.3780154149130566, 0.3596029238188287, -0.3933105122075532, 2.2217263400772165, 0.5928224175912576, -0.8394682595376657, -0.27129979860368314, 1.6697483896748495, 1.3513766723368623, -0.6740729900097081, -1.0012341476169653, 0.4669895658439164, -1.798147662738102]
 
